"Assay1 Amplitude"
2126.90463156259
1223.30943122843
1946.53039156446
2257.70614850726
1771.28241086452
2383.75194663681
2001.57329948264
1997.53146755167
2048.88499741504
1956.26501668753
1945.61468801202
1849.02905852807
2002.08132254209
2352.95613223229
2070.58186183333
2290.988724904
1936.53423029275
2102.24156867619
1943.36401833441
1897.44893851601
1963.40931631083
2046.01002424994
1547.89871406812
1802.2326055072
2210.81016845286
2157.62050081912
2301.24191491884
2069.24021652098
1940.61799984091
1751.40740309228
1807.81611559822
2033.48821258667
1887.66849459151
2239.71290383776
2168.66699584691
2023.7535754784
1904.96777570916
2242.49793048773
2069.99073893114
2141.83652245358
2161.39899967745
1932.86974425079
1995.05110023016
2071.9020200218
1716.93769141574
1810.45206020166
1920.07679604913
2277.46503396814
1874.24246371907
1805.17315585354
2092.58077282382
2216.22349271109
1863.38719982401
2045.970029846
2057.58590202501
1916.77372920357
1820.88574763569
2660.31773603708
2013.85866478601
2295.0512040378
1830.9403184124
2005.15409714887
1938.77651827387
2302.08910348818
1966.72404448917
2319.06918763967
2285.26949218181
1396.12591285084
2325.99904443605
2167.87573274762
2241.93329484092
1870.78334127573
2394.99614862449
1947.69320784266
1825.04763869298
1677.11501430819
1916.24803167259
1633.24758920547
2272.59003592088
2074.31020573111
2054.95512249961
2231.11266653647
1823.89863065909
1768.0663150771
2131.73024861225
1810.52571587549
2127.99855846219
1884.01741060199
2206.7037267374
2439.4129951017
1617.98768105373
1745.46003584408
1981.37483991248
2002.31485665354
2060.68390167479
2212.74553465018
1925.12606809652
2547.92857695709
2197.18625752189
2082.79918386448
2016.75163348785
1694.42633544376
2187.57327558599
1764.09306069295
2134.42903488089
2331.59832611468
1874.46443233701
1935.26564513936
2211.1957242041
1672.13577431947
1128.3526888694
1801.22870804554
1976.25152986766
1825.86803560656
2345.25699854318
2049.8503160024
1307.00771195361
1489.84955108976
1970.61793836558
1730.19215710393
1981.6265795792
1917.88255255424
1705.52220613652
2288.96020649351
1922.82731145878
2635.72233763715
2127.48745921607
1860.37239171736
2397.83172363106
1910.2423462938
2195.66346345366
1956.06541140224
1879.81185044272
1469.03037329999
1855.69070591025
1770.34629152451
2027.32131377792
1986.40704692197
1769.62951573359
1968.44796776046
2126.88195091576
2306.71589406047
1786.55705480837
1493.76618387956
2235.2788674297
2145.99482671504
1835.07017744875
1863.55688456636
1892.14435470816
1988.65239749753
1671.45497037112
1948.93788890962
2036.92443596709
1751.69061201781
2281.02128414044
2070.16006096779
2038.6464784325
1925.17463000534
2026.6224326164
1747.77386625761
2280.46163807322
2319.78382752038
1923.77364723305
1985.02568641015
1661.77754697728
2420.43953680609
2435.65225937907
1893.90751739877
1888.37321469971
2447.23451983942
1546.83491722101
2101.06345940787
2372.80875696185
1634.77162313018
1963.81163633869
1954.5046485181
1966.0754208867
1648.36191982477
1436.26611389974
2095.46608833421
1695.36980841961
2422.25707758383
2070.30986441195
2208.90551909996
1965.93787343561
2102.20461775941
2119.28927399653
1940.21711143935
2109.79536223587
2190.60916276458
2288.75270735188
1600.76396896976
1997.86550302875
2269.16031457347
1683.3497515191
2300.08128279867
2204.55197369775
1959.99381479407
1987.61594824617
2059.31580116481
1914.30761271403
1734.91754254782
1868.82581439977
1918.60920430651
2478.79435660962
2189.16496781157
2363.17686571203
1851.44785959126
1930.70305930302
1760.07140679835
1906.92968839116
1915.7233919729
2155.82182835009
2115.52963578251
1834.90445322134
2301.18702304291
1786.20201479842
2195.54187861777
1978.67446809909
2058.73915809677
1906.79628233463
1830.08176176781
2098.41831221615
2374.61203348994
1861.67780243248
1856.80652543504
1644.19670717379
2035.40798572538
1935.43327516531
1934.78033733031
2182.6912069661
1948.14369521497
1900.36378062108
2002.11396904455
1844.8147078843
2334.64728807965
1678.83383759042
1873.29181909858
2382.12775307989
1871.65406456316
2131.97260380816
2028.07366741985
1747.56305815125
1998.58587814651
1597.91069808071
1799.1482469157
2056.97500605931
2024.99018301997
1723.32411098745
1844.2247628104
1914.70948784421
2005.87050341144
1580.92537154697
2329.33163217393
2062.76007031825
2043.98754488028
1900.03180574742
2095.11937050761
1883.03727176352
1999.11231667112
2063.59243655044
1985.99739315015
2230.37887434194
1607.74896683495
1755.67736369785
1723.12847102928
1877.62663797063
1693.02383257735
1865.73437229831
2013.97924499641
2198.14248022134
2419.4788766684
2089.39839512111
2450.95040961045
2473.9974144879
2249.98748951506
2016.7052979451
1603.27537900906
2315.59700964636
1905.22220354702
2314.43455233041
2323.57451723457
2051.83965698857
2074.33626834869
1352.655290721
1654.54064660346
1659.63365228584
1953.49621435854
1938.66671253965
2129.61548835166
2144.78912441123
2482.58679684951
1959.74363624562
2058.52118657613
2504.58762135803
2080.49269976525
1822.292990334
1977.52436542325
2063.13605815492
1848.49360853529
2174.33677594821
2217.63579580402
1845.82142544215
1852.3091005908
1696.38509768318
2183.14838097277
1746.92909140826
2184.57033195211
2125.60737187679
1908.32415461082
1959.01421282356
2287.88156990109
1742.69010063051
1803.9375967532
2233.87813661885
1872.07868911986
1751.61123902405
2285.37013184342
2164.6566943058
2118.13590770379
2455.58041450061
2012.72243472937
1732.60977701376
2390.65473221086
1629.59623358867
2020.89315645556
1901.26242044133
2048.05274199746
1931.95985759905
1961.07252028514
2176.03412296626
2021.03330269345
1908.83753048519
1620.38435129103
2328.83824786863
1932.3134245871
1519.65177069863
1983.54167386101
2178.52559791792
2118.59486623471
2081.94516774731
2118.61242931177
1531.94699173215
2031.4149842172
2211.45580428213
1709.77751656074
1892.2307859671
1614.28323408057
1969.27270276234
2120.09525604919
1639.12694507499
1996.04547274774
2247.49505668986
2028.04859469291
1533.44421041015
1900.33005845452
1869.30301707035
1796.27486305491
2124.38203438764
2089.29189542503
2147.00565871333
2225.63667260132
2511.15032239172
1723.99016091458
1696.0487871422
2496.95873732252
2052.46701194982
2140.52939167856
1838.05203806165
1629.28060341731
1927.91865308585
2170.4016193083
2247.11255597345
1575.76117593272
2010.86312435619
2007.57190508442
1945.24134086606
1908.84245970782
1895.03391161318
2089.28656340366
1853.12028266282
1514.533258351
2206.10482001561
2056.79547999995
2121.36715821402
2418.76650330244
1856.84012223524
2055.27022563314
2431.47001243517
2162.50783891504
1876.11834696915
1960.77637509512
2226.80355668365
2014.51989436016
2068.00963526137
1923.00177952388
2207.83840593839
1798.04875671606
2178.11199094981
1997.18282937475
2250.23377196319
1970.5806335398
1912.90440030194
1954.24461229392
1744.21197768021
1705.08290295877
2185.6722461102
2328.60156407279
2230.39031946011
1829.46904548271
1619.74482884769
2109.37461771197
1976.99885943622
1860.15715340136
2159.5367563514
1979.11102431243
2100.57165869054
1649.2288379381
2239.50812664745
2114.3853245604
2073.33125570573
1932.39255640024
2428.23442951653
1994.1704041187
1897.72415630181
1881.15837363409
2122.45579157056
2119.50452496885
1598.58563395476
1907.6615046531
1614.6845565572
1951.99383925324
1940.98118017658
2053.85565522755
1921.20775408902
1633.70321298442
1925.34213602371
1922.99946808981
1956.61004202494
2050.21587799954
1996.74760749578
1962.63612475258
2202.50397703553
2530.82157975668
2016.17870014417
1197.12071146097
2119.3936808598
2079.59713073397
2578.95329158023
2051.25026683292
2172.45839088799
1863.35119517733
1955.09469134191
2124.37765024405
2117.14471901885
1844.50914115124
1484.40674288331
2180.45357749078
2082.2235404714
2419.83149188946
2189.05087372659
1929.50831262211
2048.98278240902
1962.61771493049
1402.42471436889
2098.03747535213
1817.22157781512
2113.4240916448
2252.19901475976
2074.68854798874
2217.71910018693
2279.46910158512
2056.74012383375
1845.3817309841
1612.65729260935
1956.31719445765
1863.88709027031
2117.22421810387
2143.29936186005
2191.80509126997
2432.42577477331
2011.43770116356
2099.17950270601
2153.31664601968
1636.49819958153
2186.54246810168
2365.95871019558
1645.83956156911
2079.8993936729
1845.27267006413
2040.90873153091
1911.6036837388
2113.01611040153
2096.90262795795
2275.93460428729
1859.86457792499
2038.97271486122
2162.84375100489
1767.70458898611
2263.64111126803
1815.04218137213
2342.66898412414
1724.72505680272
1718.58720027117
2424.68954383624
2301.20687660432
1934.61094984231
2182.34894677938
1961.92398402673
1840.51141730168
1889.05900279811
1970.68541884929
1780.54208532668
2275.09014596798
1835.74394196382
2034.0892635884
2180.88500187673
1802.52522465073
1930.69814857083
2228.06850966804
2287.64887284088
2556.94372154829
1689.44437963399
2164.12930431329
2208.19914723138
2119.0501858415
1915.39194052514
1955.33424835249
2028.31548349199
1869.54124654514
1622.12228534878
2296.43620702352
1957.35096113722
1992.07751385242
2051.19584624598
1913.02057354269
1884.76830519171
2042.55904446859
1964.47379672053
2489.21628321715
2309.54470895677
1671.39661090849
1861.90622902976
1927.22836463934
1913.13110769138
1596.23987879514
2114.51762237472
2238.08370812768
2174.0098862501
1889.29336638188
2192.18449154102
1752.56473583275
1817.3397789796
1669.82852735922
1986.60115312723
2248.88398611746
2062.19737840361
1947.93715226508
2088.98025474003
1833.59147232629
2048.41277528433
1635.46409223082
2062.9957109336
2173.69384287504
1935.91010127688
1953.47422246612
1979.17794173112
2334.23380786852
1914.91890446774
1851.6006123273
2110.75223339549
2379.26128192683
2482.90384908771
1618.79788801589
1856.10713218525
1859.96250805746
1823.21663189455
1901.99183867065
1617.10369323263
1919.22312307047
1775.48510627757
2129.66897933205
2095.35396701826
2166.94744278426
2127.81351146035
1704.43901833218
2043.94348217889
2129.13654212329
1931.20847539587
1748.54559963731
2132.08864591564
2109.73902713337
2222.97913303511
1835.85369242883
2032.44935643738
2281.51507970166
2149.55794868543
1826.80196565923
1991.89645901711
2207.54356773322
1914.61913121714
1625.81864965064
1947.4537194321
2066.45629545287
2308.97512032381
2080.29785906148
2395.66890836965
1773.7816368365
1956.30281251254
1536.20812803253
1828.91254220443
2462.2778316558
1941.38695661605
2141.49472142744
1473.54555046936
2023.27490635151
1686.72863252575
1922.81762774432
1786.95055454104
2303.49222370697
1894.58336561783
2370.27373403515
2114.97319543691
1759.67932055913
2040.64516082859
2328.00766643366
1880.76949193484
2534.18301834195
1942.81311618431
2004.996214853
1744.59060367978
1710.2204265638
2365.53822069459
2082.94481594329
2293.36308349859
2094.70157974831
1630.52464755026
1782.56735449422
1893.95867822584
2472.62405693284
1893.11300933913
2272.16574593013
1931.81110396692
1957.67494770831
1977.50955339751
2124.90433490709
2132.12169937726
2248.86053667709
2017.2250207865
2160.19324244097
1735.70163543618
2031.36274616245
2122.23437330907
1779.84271061281
2098.98975748832
1676.40812601102
2181.44713173373
1857.96757995841
2114.11364261967
1802.38092482808
2684.51878930602
2775.3407360085
2065.06478386551
2014.16116394702
2031.1291052696
1875.66591314555
1630.16578356292
2392.5375876867
1991.16757920117
1701.0960587976
1894.85718117879
2373.21068945966
1681.89507351489
2020.11423188213
2082.05183206562
2342.86551111602
1900.13194786478
2069.63170249005
1693.66289970655
2117.72828264433
2027.02887630441
1949.2550180049
1820.8705496697
1757.13733472065
1627.83107792404
2213.04219089229
1962.13683830097
955.624006227232
2171.40254044622
2279.70045192356
1692.714851691
1809.92427039485
1527.72997120276
2043.82579805497
1872.73200404097
2184.94022306644
2032.46674049138
1836.51291744802
2092.27854708989
2051.39076096942
2210.87963942874
2308.64617997357
1723.29220071336
2110.02557060332
1707.16901281214
1887.09494126507
1738.26371058587
2014.02957333982
1718.07304537576
2289.72863237095
2186.82383314662
1674.71930239226
1776.38280467815
1529.36768612964
2457.96636297455
1967.08100152846
2229.59181779185
1774.80802157226
2246.76137905284
2087.0991943326
2078.64070652438
2334.94911363762
1849.07607592203
2093.30505720162
1871.49888968155
2503.7346893795
2271.89319462911
2202.74332104653
2032.21883004362
2046.81603573765
2137.47268479065
2148.54078152184
1786.26258625714
1613.95746757016
2163.04689672645
1687.67778087579
1831.28683243819
2102.6677700888
2202.50167422919
2360.43818375726
1894.69531528638
1989.97802307434
1896.61459059078
2192.20597394818
1988.49052693935
2160.23596885052
1980.75308835196
2371.06310265663
2032.10050568903
1662.57349379571
2124.55822362014
1689.46207085111
1432.53122832371
2176.98597556703
1949.87633899644
2004.50613837756
2261.24677148092
2140.44833302938
1706.00180007763
1613.05007104288
1921.83043552717
2192.12709108473
2159.86695568879
2156.18157703649
1974.58041897341
1719.18284458246
2209.58848204334
1719.02466346326
2476.68886370401
1815.34144173601
1453.61798788318
2192.77787324958
1903.89275254439
2116.7432756757
1899.15837393686
1951.00323169807
2580.99214705861
2192.77896568123
1977.32732275741
2111.89587113833
2052.57919105181
2034.55217171925
2125.3856473999
2126.71125719892
2134.87816179516
2315.59738129325
2034.05730361608
1505.60568383242
2091.84186109838
2051.09523323187
2396.90953290421
2221.26616078438
2218.19424947852
2476.09790428075
1936.19089871525
1862.64040469419
1991.51975304271
1840.08010119629
2032.97064197327
2112.51457142689
1801.65584455304
2011.84294556595
1525.50882311194
2192.93306507434
1951.5891857001
2161.38630399164
1942.20770190712
2304.56654268759
2053.04119802776
2151.67161093769
2144.77471109341
1898.26151147601
2324.03973064337
1787.98576464899
1853.42439921724
2024.41810025573
2055.12185672035
1638.23094832995
2127.00968143672
1853.26771046699
2068.9310973549
2005.65077781428
1948.43049058524
1862.76011941831
2106.90831405499
1669.32540448957
2100.37217191005
1801.93927647369
2070.24854105489
2136.00438530395
2382.00718018695
1468.57810408181
3066.53174303852
1618.5927970456
2139.71738590409
2073.52855942027
2214.34870330186
2556.02824430558
1842.38178006584
2121.13715316628
2086.42006194865
2219.21402699661
1873.15684341344
2028.65852792543
1650.51205552946
2475.48556663762
1593.87783431112
2356.78718640752
1942.26129462877
2431.12716403478
1381.61594412835
1753.05947298696
2178.03190758664
1606.45278060053
1958.59167058401
2114.82311734108
2414.52288165177
1947.73425790816
2013.1600031902
1971.99615464697
2192.7165613621
1835.15794981868
1780.76919453574
1566.84282283186
2111.60129313865
2263.41089586523
1805.62843289282
1868.62439822771
2157.09554422434
2025.5822099489
1432.23500042731
2474.14794668189
1793.91238994282
2372.39908582476
2043.85802387855
2223.15061513328
2268.06009845018
1954.7746758204
2013.03686445704
1897.75679120697
2233.66912962584
1869.91535890031
2205.61119202543
1925.62432884514
1750.21920304248
2038.1913979391
2032.32451871311
2263.9791143977
2059.20417642897
1562.62743979721
1898.82723895597
2328.32117820168
2232.70385792651
2145.63391189107
1819.72536140276
1591.64959373143
1829.77938630673
1997.60669526673
1809.07572549748
2219.92579242651
1744.63932731748
1939.37936109384
1623.84608452028
2150.42636324564
2037.3499820091
1702.15689385731
1786.9729187873
1975.57224546273
1898.65711250302
2128.0826880488
2085.90449351931
2554.98929873956
2155.06280370333
2024.254801476
1941.48242913238
1878.93110518912
2139.95461427047
1530.55834756862
2045.80390501121
1784.11449801655
2094.49777560732
1728.20069095242
2261.97022509531
1835.5675556937
1982.31632511302
1903.29044572361
2035.3095056112
1873.62413029585
2056.54807502665
2290.02807464094
1614.22749143228
2103.21869669465
2142.83545500394
1925.94377569599
2099.99550645252
2174.28802443957
1711.90782395538
1841.14088128699
1938.54981120114
2285.45391645645
1648.0503071891
2072.384660648
1824.41880177371
2229.66907759161
2289.88410110351
2265.58812860385
1314.40674026022
2432.15294865291
1512.36468186372
1925.7966936499
1915.05052652995
1787.08958565197
1914.66986755595
1840.1125542922
2065.75460900292
2278.96639278695
1885.41171334142
2182.53644059645
2093.07437685958
2125.6303233935
1818.42877486717
2062.0517866079
1834.89890525037
1994.46146903334
2260.8666843545
2031.46415857464
2044.48977165369
1766.03071580152
1948.96720384483
1993.95296310725
1714.61767376611
1003.47660691297
1661.3487754118
1637.18699029943
1762.08730644793
1624.8741256108
2313.0708131246
2076.44893699784
1783.53346330135
2013.01087259063
2531.01020179165
1608.16999443137
1848.8963095066
1430.71556031578
1998.68586404415
2033.14678307844
2371.02329973658
2312.96325451119
1923.38488949185
1836.37067404972
2068.6369182044
1961.07192968785
2110.51436100976
2039.37991607053
2125.96768377748
2001.09066837297
1872.41836037463
2133.56934015909
1894.66987288507
1935.24535975512
2109.0617277605
1904.25745707874
2315.25652543415
2180.53811250205
2292.71785926003
2069.73440207653
1727.23369356999
1848.13171846579
1989.24817153128
1807.72123613792
1931.89557201679
1929.61713345744
2183.27230372066
2383.00789039512
1901.700722904
2162.03810188326
2105.68686059967
1739.57241944788
1689.17025600117
2221.90100926048
2044.26321225902
1924.87914090126
1639.77002117286
2323.47688573111
2205.72686373927
2116.5356236904
1927.61435509137
2023.22748325584
2015.05650458115
1798.75563349706
1933.70022688925
1753.59977546169
2405.21789291355
1994.59097125806
2066.92081589196
2430.09930768057
1578.436979494
2150.01253510731
2333.32647047355
1777.09670899949
2171.85455430941
2281.52097988469
1914.62436290567
2103.17039810295
2156.99356126775
2377.57181441027
2141.10956019749
1529.39276421301
2019.54136241428
1843.84965497732
2231.72027028555
2067.20815835712
2080.02842761009
1959.49697220195
2425.92261328877
2071.02192534708
1751.06480534423
2155.85481878142
1951.05204290173
1910.13023203391
2160.86243658175
2109.38408993733
2109.53662667504
2063.56492258316
1621.27418846307
2204.90147779857
1943.90520315271
2087.0955200806
2222.51764515873
1962.98287474316
2006.27165868097
2197.77290758907
1765.05195101157
2027.71048717181
1767.06226629953
1566.56583625003
2120.23344592575
1754.72158832072
2183.05937994531
1933.02418608685
2111.40739878198
1897.6562499684
2137.17354359804
2040.27102945575
1691.25056182285
2363.63550884061
2068.18616515873
1958.40496759055
2553.34464256776
1903.95245786384
2244.04252008389
2591.53153249235
2177.45354119764
2292.65294787535
1401.0416303601
1906.25660553106
1948.69900426565
2226.06126998508
1850.43016823682
2278.58035636709
1753.53121589196
2036.29722199479
1914.62998476731
1934.67065662286
2061.9508295959
1884.15319981755
1902.23975096804
1725.85911922731
1952.63262152961
2060.66104720372
2218.05813139254
1964.38588406204
2046.44168910451
1678.22484450242
2024.49985666084
1729.98452692499
2195.59685583325
2013.46324939857
1935.91308337047
2214.97519318517
2227.00498606303
1156.56128766052
1956.06902050585
2046.03608634397
1850.90489795508
2291.39744859612
1877.83713849903
1665.18418142464
2105.99926406888
2004.90478209328
2089.24830157836
2134.05939715126
1627.42279360243
2384.36362501161
1734.58565789914
1800.79825212642
1746.68263306786
1882.787340359
2371.71887447893
2120.31616462558
2003.85050684606
2059.601634338
1775.87822849328
1919.38445853314
2047.07414038913
2200.29857750673
1603.91171821789
1804.13589507694
2169.96021093381
2066.46934644696
1822.20408230695
1495.79426927715
1963.84038652695
2234.85669249379
2089.96835548694
1628.79869889938
1682.00404647845
1865.4810111836
2196.43020565324
2019.07303207744
2491.48855784317
1937.01916013522
2183.18209176426
2290.97417540174
1679.78877666355
2270.61316792215
2173.94458639727
1927.37582693563
2214.69399676632
2136.30794773771
1982.29930694701
2127.12366101627
2055.38197565677
1919.95441718189
1938.44073303831
1894.33194254749
2226.9602581866
2193.42693210611
1591.70292734738
2047.53802153363
2078.35877037226
2121.62051064124
1933.33295625494
2045.37130943638
1958.76888313972
2162.99126045437
1978.4297949272
1813.97804375472
2149.4028878954
2507.48796604527
2162.32486445329
1941.27401349466
1930.11492035966
2434.78101658042
2186.14818235457
1839.86756705936
2227.13240400745
1840.15928985101
1859.54592362073
1933.81340339894
2460.14665939643
2359.64062970359
1802.84539757712
2086.49901318931
2396.28343402073
1585.13454267666
2239.36897899042
1956.60998004499
2274.94748870091
1944.66002921264
2119.73164631127
2028.67836409651
1853.09308743967
1861.08870418633
1838.75312631115
2361.71492415266
1588.38644821081
1995.21752580539
2014.57040697577
2082.10320997029
2510.9202607432
2006.50233664548
2278.69627329204
1960.21519407056
1932.03322800507
2310.08596519546
2050.66826273714
2017.47503505962
1645.52568518793
1810.48340299823
2194.47786751238
1498.03819082362
2065.88154016022
1924.19034181995
1529.39371219202
1871.55151083301
2464.86305101364
1638.44400599287
1849.44651947494
2152.56642142556
1867.5236930248
2391.72987021737
2581.75283638719
2024.70940076795
1944.014394749
2255.82325286464
2008.83004194869
2142.88585591766
2195.04735924819
1823.96429889521
1865.40624084383
1950.35798408174
2111.47686884561
1864.39806501474
1716.46147413973
1901.57644494884
2108.46579493459
1867.34887930356
1843.05605044663
2051.81049336864
2102.06011176733
1908.78778338602
1933.3002479608
2491.9017090134
1917.11688450551
2415.05572662281
2272.8716553709
2144.87790521256
2604.04728408816
2077.71454434519
1860.89103861482
1959.463551779
1790.89739057755
2135.83718733124
2010.32789164662
2098.25559982092
1889.33576848168
2186.06452415318
1495.16948012244
2018.91595071626
1903.95687070985
2321.48538036024
2067.05799684591
2175.96616438456
1922.66978850791
1578.61678495214
1846.0191780701
2536.0735112538
2047.75167457694
2191.18393350926
2271.59014225634
1769.01494038794
1947.80750826858
1753.73409085817
2533.951111281
2086.59314067581
2239.07712974429
1776.45966092639
2010.82852270342
2281.2789883174
2030.78209535162
2291.24976945651
1789.97759033316
1760.78224771835
2016.56325799821
1857.68603857451
2041.95375092604
2498.0414052142
2290.83310026828
1972.99438592234
2214.76460509297
2104.30463530062
2105.16474837471
2224.12922211123
1775.66661469452
1935.94542728774
1959.74827053084
1953.78137771727
1909.03512603607
1993.54030148185
2468.13199650052
1914.3326741075
2111.21548716855
1821.0448019131
1904.80948661704
1908.14382114035
1888.28118458606
1975.35089478868
2310.86638967156
1563.9877589585
1988.58039580839
2029.74141831946
1915.94096212027
1863.27788068942
2199.44627238097
1664.68737588162
1640.77929389305
1766.44177588192
2378.06998666065
2079.46845090829
1718.92483956503
2224.00603242658
1936.96698579177
1953.31367897716
1983.03909555185
1889.29371079797
2116.74652912834
1678.03094251613
2308.16802489665
2567.45145835194
2050.32227832829
2168.03106806599
2033.25069549826
1886.39900140438
2254.61465640622
1864.30186347878
2165.16055327149
1816.6910971416
1851.49733442546
1609.18413589606
1705.62484600109
1586.2399354825
1823.49853555565
2310.17787011874
2254.98451921952
2104.98885844261
1735.48286321919
1857.39698835587
2041.41298856588
2276.473069637
2149.46128643174
1689.22417662836
2013.74660608126
1637.13591863008
2041.66208569714
1884.39686978911
2344.81258829281
2188.47008438573
2175.50137795877
2169.24966505638
1860.90804607251
2012.27375051683
2186.84567035148
2101.89888022412
1985.5359117941
1679.38285391421
1733.41726074288
1868.0106115748
1971.61379989971
1608.3368062382
2233.10713426503
2070.50624076544
2360.29396106757
1984.87412758633
2247.91226771231
1738.20228087994
1931.1648332439
2100.48783253033
1826.98177205072
2473.98308979106
2197.75054218547
2072.16689992907
1615.95167512659
1836.16136453586
1965.28089288696
2180.94647849633
1931.95006483669
2458.03161387592
2307.75978624694
1820.09563626231
2170.23706753284
2116.03305406682
2240.99924921953
1701.18109869706
2013.35107569124
2262.23006458655
2301.04721900034
1925.96512297911
1771.93158145631
2004.33636546361
2055.83123182349
2258.97034801944
2277.76748887423
2024.54322113907
2206.35923370656
2494.30306770204
2157.95826278644
1876.70463000661
1692.2963011469
2097.93557333966
1943.55955992203
1960.11451246599
1818.43675112891
1993.86917399014
2050.72030964146
2324.2727759721
1912.55095722341
2097.43958088441
1902.60349060494
2129.88041526522
2017.44339961714
1903.24146828542
2162.44921790324
1919.97255054341
2510.86174458484
2194.01756368638
1824.74343187275
2072.22371141962
1884.95938546964
1929.74439240045
2592.32870589997
2216.05826649519
2607.61400656426
2036.11622557239
2256.21394320177
1921.06787385517
1810.02015247846
1842.30516158562
1849.41640721097
1521.23695417204
2054.42650537778
1820.43029223404
1717.16690107255
2014.1762319313
2273.2814798096
2050.62903965821
1869.79272921968
2192.74040356685
2206.0336488498
1924.72707886053
1928.6783107111
2035.10867333896
1853.3903032491
1920.81814335596
2066.1181993098
2003.2702850359
1814.77899276346
1719.89258927496
1532.95922592166
1606.81491256927
2238.28652205597
1912.2011147076
2170.28008355543
2158.43399652709
1595.97990488668
1883.45619197182
1944.74938671051
2145.23631254961
2488.23120005507
1876.89032215313
2079.67893645655
2168.40676372109
1977.20951497306
2439.55009463528
1923.90719568316
1768.20482344141
2250.28756180442
1745.70552537124
1875.45866586738
1903.7514414225
2111.44679681294
1894.09476649891
1712.90520992353
1944.41596156561
2161.97917265536
2031.36130344081
1522.5522748061
2222.86628174833
2015.19983060754
1580.77130357933
1962.2856502529
2141.58915808511
1971.3043288156
2228.4477438147
2475.16784995862
1949.25866852672
2179.62133381803
2341.74687842714
2216.70619168503
1983.24506229296
1957.41316030873
1925.58065472353
2139.21070387257
2088.70473467602
1783.38228723634
2243.96383157669
1794.59732046109
1723.18066947708
1961.82470555989
2088.5250184747
2127.39544813841
1912.83318308023
1833.65406428758
2093.84717487709
1851.78386068393
2330.15526686836
2195.5816295551
2140.34954221417
2284.3066728444
1924.97081509196
1729.71030475869
2387.02690960414
1756.57775148282
2092.73930102268
1924.17262360537
1757.65489689356
1931.12090077855
2174.20962663982
2322.74148749037
1858.31616592106
2111.0302244462
1801.63358274449
2377.66485529741
2317.98614986988
1991.87114129815
1959.73154404655
1950.76764716245
2466.09694595991
1514.50206034708
2090.12624735812
1890.22352486298
2201.72931442803
1837.05460473586
2080.07644452956
2295.35452667658
2165.45312545306
2137.7384950352
1800.43646871175
2119.75435999072
1817.31795699404
2299.80420819488
2357.64928673954
1722.84054351264
1868.43249143061
2424.90830120149
2141.46891302264
1868.87708080257
2073.17007418641
1446.47981217424
1849.94824244288
1883.84445542539
1928.6011243858
2205.43135354278
2063.89237690541
1756.95974132982
1890.56746124695
1828.62066858382
1835.8852291074
2287.38923357216
1727.22522186607
1908.60462998281
2043.32187986356
2363.89306039101
1976.37735320529
2131.00424812886
1657.49749970081
1842.60793789071
1811.59886738212
2274.75465915572
2128.67253072579
2466.53015569305
1854.61952483217
1923.71749638844
1819.46009897547
2077.08653597021
1863.3493414157
1510.19374979486
2080.9078691479
2088.51931924763
2099.20130838875
2265.74452572227
2161.71671460615
2146.22886015171
2186.48976157227
2173.03262622528
1982.3051052177
1847.52044045995
1480.16283841033
1925.52421337555
1718.5243895538
1921.58674935644
2305.48347423125
1582.55062757014
1996.98615869663
2298.94177977391
2016.57626319101
1951.35767357396
2514.35707859486
2059.48348851646
1844.52620441687
1852.09376524852
1815.89247586898
2345.12666292568
1928.85872365836
2213.76095081646
1881.02243669262
1793.71292171979
2232.02155794447
2107.00311070836
1738.8428405139
2331.0685045027
1999.78830867716
1957.89553843347
1792.71540334301
2205.64003411473
2120.83677947061
2167.24016138101
1810.33297897897
2026.69633806768
1691.62615878502
2213.01687052997
1554.69730071499
2003.73473063233
1933.87550880923
2068.79566791188
1945.83661089333
1903.73440053169
1958.49421612471
1903.43947661371
2019.36374176359
2091.00250609966
1777.18764266016
1644.66306517857
2437.9255351394
1844.00903598585
2048.36883185665
1981.51985835388
1841.29988178201
2268.65773256335
2086.78043411983
1563.84907926093
2349.51017622411
1808.28255438024
2125.77452575714
2184.00138488653
2177.3163307379
876.248791604534
2289.58743694877
2125.71233899398
2129.69605269516
1772.89384614253
1939.80948564146
2089.40909720139
1846.18131652813
1986.3797331981
1986.1922059676
2428.06910529142
2159.35872119803
2062.35985889524
1969.09145884002
1822.8256873567
2154.79286529083
1720.97699253507
2486.5954617033
1996.75125654466
2297.60928956886
1804.28549326191
2122.07884278309
1991.67000673416
1908.28603562205
2048.44628492156
1927.50624129722
2119.32379024789
1443.26033954805
2046.95803556211
2419.04862699017
2163.04530395405
1863.03070171591
2180.95058039466
1942.32321694623
2020.26718571419
1861.23668657145
2383.03910521337
2192.82785596031
2211.87930105185
1792.53471144999
2104.0830269385
2252.6189547567
2131.5844029018
2501.48964299722
1669.06963409939
2358.93074836987
2194.26443453064
1733.17761308074
1856.42446596342
1828.25149333671
1667.77758660461
2220.65620642857
2192.48595191735
2234.75532933706
1986.22148876207
2011.63849350724
2029.01321571605
2192.4828406041
2040.99181265772
1859.36804042429
1911.3181439626
1726.35931116291
1875.18339869095
1972.56306245957
2120.91602482888
2069.66656196332
1836.97869470411
1782.3092660253
2040.97929934335
1783.87246402936
2095.41084170163
2083.12862324007
1909.01466337171
2019.96152115229
2017.10740877049
1948.11507792052
2032.52796762352
1659.36381620263
2339.93186383492
1949.87436516686
1796.19571361086
2297.24420799373
2440.38043915409
1683.46738146441
1695.92683862199
2848.1804598324
1769.91852175403
2088.82975492398
1868.03055324352
2241.21341131441
1843.54303314687
1805.07230713608
2108.2324242092
2256.91740504172
1693.69335618949
2113.66333721981
2095.22366327328
2026.63863396774
1844.62751445262
1728.88333422387
2245.31213091633
1923.74014895955
1885.41375864443
1833.53509478314
1668.61989419713
2002.23609393339
1932.25676410381
1694.02993520177
2020.89028062519
2058.1387331001
1850.58888199555
2006.1021103655
2209.37208181507
1960.9733953869
1998.98442979134
2013.49505884419
2294.13755149415
2349.62561956541
1865.10934586164
2376.82373411725
1838.35437814105
2439.23290910867
2129.51631844785
1750.56226179894
2265.36047252724
2262.06117564176
2409.50479378785
1968.22783326814
2171.42249021989
2260.9140467139
1787.92187373208
1918.12457466462
1704.09769924082
2277.68958655095
1515.77252392318
2208.06752780815
1848.59443719326
2479.48540438245
1712.98861283932
1997.33249014284
1957.23051921492
2172.81209164922
2186.53802547348
2603.0073850561
2412.61344507653
2168.72669394921
1860.85390582834
2126.03736574617
1792.22685664847
2090.38341745561
2097.60194594842
1794.6859323973
2234.15562979223
1843.44400694176
1944.83609070125
2109.42385986514
2176.91714135918
2153.27776996402
1848.66903801358
1796.8791305947
2106.57088423601
1709.15627966629
1984.52975276222
2145.08052602061
1855.61069070054
1835.80842436722
1701.5323447449
1814.20310257235
1722.84396349612
2197.53546612142
2031.30758181036
1633.10139450742
2073.82466711282
1235.52991812103
2102.08481923112
2467.62740488431
1846.94162855855
1679.25073809709
2155.71467231846
2060.24416664302
1770.11137689407
2020.60921204365
1868.68840318133
1864.32457304436
1899.10038567472
1880.15510316534
2195.39296932415
2355.9605218515
2420.02150143027
2011.61225878866
2125.15405885217
2271.74436277015
1896.74736906641
2247.09006457979
2093.39681764235
2240.85499317216
1878.78060362704
1762.05032419366
1712.47983261623
2003.57513223239
1985.81601444179
2037.78786140322
1998.169018475
2226.79460709243
1810.10560845325
2236.18741050093
2053.79428473187
2203.18875339972
2124.50695516449
2215.99694202212
1354.39802833766
2046.84567034647
2441.39604771287
1888.90615458898
1855.88681759144
1872.30988554219
1990.8918026494
2325.04607951391
1996.02931600275
1846.06960503925
1879.597150357
1610.46570675928
2429.08272307683
1854.62196796301
1613.78099067557
2081.01486492537
2100.14972495625
1761.40984986617
2030.48334568984
2099.63773171246
1852.41521890885
2363.52804913627
2298.24919724731
2089.03078631598
2393.99267493507
2014.20567178397
1811.63886211348
2036.96303166031
1808.88402724057
1706.89774670362
2353.49279865085
1994.53123868735
1512.13087261402
1807.0472934906
1950.79751007306
1901.66179610395
1908.50915460273
2323.19135557109
1643.30136700973
1769.68204999344
2044.03321886409
1770.71827137441
2325.51832467767
2269.69613179114
1728.66181044435
2207.37433456336
1776.43065990684
2176.57230291001
1838.9902311179
1832.97178390333
1369.0901557749
1818.94715296577
2005.64920112646
2212.71670554073
2030.84250341372
2362.29262125146
2089.99700839288
2113.94330832742
2215.10470796787
2201.84227436699
1752.05704735196
1861.38684664981
1380.88112746296
2046.98748297122
1586.5579882498
1921.9848434198
1371.11184271625
1915.89065584118
2256.92340183953
1691.58939783538
2188.06576809863
1931.34798699813
1949.87986576906
2047.37309064029
1994.55178538338
2576.67508090433
2308.73681568716
1873.36408029778
2041.02918196138
1846.27337211069
1921.86169633361
2085.89204833308
2035.17873438373
1849.43927663685
1959.72110826624
1785.6652726766
2349.92301335326
2311.72152974455
2171.32234808284
1609.60377980733
2269.04633067753
1689.33414966516
1723.04488816071
2200.32423940868
1696.77928990737
2346.26899682169
1869.85594853143
1367.43492439358
1802.55826571471
2115.41417554032
2050.40007937365
2110.86851826988
2086.05469861967
1676.58840122905
2008.10634644156
2050.5998177343
2196.39971182104
2058.56314300114
1931.58231684904
2029.47534409634
2218.16383208035
2254.29043141581
2233.41552960487
1885.93846232665
2179.91634743456
1578.87471325207
1531.92030510561
2031.43243284988
2411.96670481596
2027.35057383601
1869.5583427705
1985.15904329168
2145.89827899036
2128.73548149292
2017.45889073288
2501.5924469236
1698.37062364179
2445.83341316853
1947.5590052307
1696.61016080454
1512.988335058
1653.4039733659
2219.20061518483
2104.05402672736
1641.83548441248
2386.36731959398
1783.75540887893
2468.38230058271
2103.67561318866
2106.99975236515
2135.47392857813
1993.76283530897
2393.97616073116
2045.01271127409
2293.92373565629
2501.62889560015
2071.41324634072
2079.55632665664
2113.40226289197
2143.98195354379
1761.74924867574
2103.35058477679
2394.87311457576
2142.00764963729
1956.49141970471
1969.21898434053
2049.45007145949
1796.21935595347
1847.11384137569
1738.286063036
1585.31449883374
1655.92867127693
2104.89970566183
2015.7659952801
2092.40502315229
1921.05023379618
1557.30689281321
1854.34833618356
2043.22730141543
2148.81365997223
1725.66982815609
1961.7323935656
1980.0793221476
2218.47696683244
1961.66975689839
1658.62777535473
1936.21872972152
1786.61303405354
1929.51048659433
1763.51467986926
1977.31347758822
2135.44542570172
2002.72553851204
2089.6578920579
2111.68880595367
1966.67482116237
2199.89781689614
2264.78321006316
2191.1822829066
1913.65993851797
2207.35425634364
2016.98241482424
2245.44845786579
1840.07405593094
2216.32914316975
2263.0043411745
2210.89337592185
2097.34001736212
1976.50832928866
2037.38146615771
1828.67800785628
1693.06442760265
2134.02023324852
1643.03520370349
2186.76224148584
2513.29257706942
1651.81903447065
1676.5895840355
2360.56556905992
2130.46601047727
2047.85723041326
2180.96711744688
2013.27655239191
1815.97202656079
2166.99778922969
2058.57126830355
1789.15067424329
1690.00094567473
1917.65192501376
2522.38737569794
2342.77439581747
2056.30391403275
2305.8678567932
1542.81295381722
1915.25214637891
1910.67373034068
2796.70250176456
1876.60630042193
2301.72442166211
1798.71303037594
1816.87625934472
2183.33784557996
1848.26692702216
1856.88916510537
1604.01085232879
1898.81091548014
2232.11361846317
1985.90427208971
1903.41595676581
2006.47650015621
1791.55829395558
2098.88095370395
1989.42090906198
2076.46936589795
2007.01105229352
1260.88180927591
2357.75800731816
2139.32864015051
2268.64059521274
1592.60873874021
2250.45272405132
1836.03330024452
2203.48388377615
2075.46753903463
1853.75913797604
2084.95041863469
1711.98330098248
1849.03990707375
1854.65876162868
1622.35120475427
2154.81213842524
1974.36815688861
2057.21571537358
2026.60980737468
2100.40512640315
2041.84391277554
1820.17291053671
2406.38977406764
2168.8750846125
2216.08077416089
2092.51841946409
1764.66456761198
1742.27435393768
1917.00523188278
1979.50648166553
2296.38062669403
1945.51319713297
2066.98671733016
1965.13451075782
2069.11761591983
2300.27342748055
2060.35638951428
2285.88639355387
2496.29067524556
1829.2021902503
1814.3845505523
2102.74552644213
1834.59733515056
1928.02860613244
1907.6555583457
2007.41466756283
1808.14237094369
2200.3189388293
1603.51456264266
1498.84704801248
1942.14715999213
1975.4649859661
1873.73116819286
1408.53399809682
2264.13474092966
2036.99549007818
1760.9044691969
2082.71655397961
1895.95412383311
1950.74392636338
1652.18685812444
1683.21427140749
2261.81838795395
2145.85388460097
1999.20061241531
1732.92403941961
2051.00724900292
1855.86000096412
2144.92626025289
1923.8926277859
2104.72451600607
1825.82180274441
1522.74542297663
1976.77613909649
1786.24835933965
2035.62869782901
2031.21002475555
1468.09125099351
1994.07452155181
1619.46476536477
2232.36854865895
2126.6981907959
2012.33341820046
2194.32167944936
1819.25106161684
2278.56140601365
2117.73147340468
1767.3722649533
1848.64818225917
1585.85970519921
1793.33810445711
1804.03305446983
2442.76651974634
1703.49380516203
1672.28798015711
2142.01144504061
1984.10317462942
2139.49861773524
2002.22004989397
2235.8645595311
1802.98607197674
1799.54723340375
1892.37936273032
2028.54333832286
1699.6530084212
2118.41750017612
2499.63667537962
1837.12788600328
2073.39099002406
1658.07876488183
2785.38071327691
2369.28579658203
1893.07813868406
2195.43226181122
2333.25069679495
1908.38222113691
1411.1325602379
1659.31261479736
2114.78883863065
1921.14999014612
1880.26349336274
1960.05359065115
1991.75892136905
2196.47118454489
1744.71273021256
1836.40484674376
1950.98822313913
2096.86676899788
1987.38668679055
2062.60853035108
2279.63033785604
1832.21537374235
2181.32943649202
1758.67126227515
2053.23184291612
2108.76604196245
1726.63757790715
2122.43842452962
2146.25228000982
1916.56527155997
1882.89797538793
2064.34610466967
2056.38550061969
2062.15535574057
1655.90368828529
2105.33406530508
2082.83475340377
2202.69766929864
1987.07030127473
1727.51175786149
2206.02574115302
2057.28753694817
1862.42544310559
2144.6845421066
1919.95412939548
2087.03295119154
1880.00480424579
2148.99960534166
1915.51491528676
1999.2980257783
2119.39310819302
2093.55661535482
1831.299561463
2196.73910504035
1700.6966781796
1688.70080886601
1770.69916569161
1826.62531417539
2086.07017899603
1415.94020063785
2908.22048373671
1874.95334303244
2449.1200845612
2181.50893231621
2126.07128383563
2213.05260566219
2120.84383505369
2124.02628941562
2460.29428540707
2125.95377091419
2408.61922933001
2349.31132853068
1715.88747970059
2171.63350319331
2008.91032673659
2063.83680792623
2040.15671793974
1549.80701737256
1908.51170141781
1894.62972799858
2159.281710665
2154.08306619835
2034.7966636507
1643.93430681032
2274.00512101926
2253.58185060908
1832.39143910535
2009.18802544884
2050.09598347658
2055.08664843734
1977.859014617
2098.67509835421
2335.83006668905
1913.79192785253
1841.96094816608
1928.30886844629
2141.17144791343
1651.51093110159
1687.07772244264
1802.80564318273
2063.36367406745
1934.07431154326
1923.39964966969
1935.63208476864
2089.25333638346
1929.54559505979
2209.83749685511
1544.02744007052
1809.99527554616
1912.42120137367
1811.45753062547
2298.56308864728
1895.48677003214
1865.11574520701
2093.12793154399
2126.66614493398
2087.48515535289
2063.01939368515
2028.90810340199
1531.51778948758
2036.23763328428
2267.75452154665
1739.85829490188
1925.89884775077
2114.50811516886
2263.33208677526
1902.78288577679
1838.1435267395
1897.76402252353
2042.7684157845
1553.87677026873
2070.83788576756
2334.02616962458
2225.81259546727
1786.31643655317
1806.38789674038
2106.76021012383
1583.77468927836
1848.15887869774
1982.61704905661
2123.45911249639
1839.71335969882
2079.38101323555
2457.81645605228
1747.32282049206
1927.53537090749
2079.17280818508
1605.63977475028
2099.37097479466
1858.77264728042
2078.63794138729
2010.03501490378
1464.48414340176
1662.23754600842
2046.5840456185
1891.67400237509
2070.30267228986
2057.78095634718
1582.74132598521
2319.3800457012
1923.54873862115
1608.50912963461
2162.97555858782
2561.25412886915
1653.72408732179
2259.84524562811
1967.17036998431
2086.7626231415
1918.3189381204
2136.74314219985
1856.03480462289
2023.52967365224
1957.4599519452
1658.39173591215
2294.09599490357
1992.81720971788
2231.6069015591
2202.51919202355
2001.85859917127
1872.7045115949
1851.589664752
1895.81484607769
2125.21150523055
2083.65241412442
2072.9070121264
1750.8059464942
2041.20966603448
2298.8018902422
2194.56956714197
2017.42842057778
2024.34704566905
1985.83309562309
1969.57050525352
2232.2709965379
2066.21360459958
2072.47405865029
2019.98546110516
1870.55785096024
2089.76744455685
1793.27153097574
1823.41631561035
1993.73033241906
2349.32298884027
1769.88631867938
2084.77655266932
2349.73154213774
1823.24612331376
1790.17044845199
2302.31139510013
2133.00529708626
1763.94825268082
2245.37732980517
1626.50470078418
2276.64339468899
2165.17470754852
1713.05388226091
1761.09086657111
1978.82462836317
1662.972362661
2149.51559878132
2161.48936544779
1782.84740250401
1931.14032445211
1744.55019431896
1994.72906416908
1634.19842823802
2114.80265035242
2226.79066731577
1838.80165830006
2027.32665199632
2200.65580833099
1841.71885524169
2404.33586909238
2189.87869783826
2315.91518391366
1952.47164958086
1988.96086971178
2369.10731300662
1945.02308282779
2037.97885702438
2279.34393845892
1677.72426015939
1795.17132497342
2264.90493185334
1908.76695559746
2169.58652319634
1729.60340261405
2329.59050316279
1966.21506831411
2124.18768409758
1863.88977048599
1750.78020977446
2143.03873731313
2191.58622551524
1899.39109078855
2145.61925033015
1958.48635409066
1870.00422618755
1712.10266366672
2348.9688602685
2356.09417719538
2516.36147548046
2483.30427230367
1904.25456826293
1980.57889780475
2245.48673904982
2018.05313317009
2235.34151609339
2123.85245525
1960.50026897063
2189.11498390236
2039.79003539628
2659.48712343893
2230.45285512074
2243.96536712109
2034.41453496242
2369.44686845834
2076.56878412321
2117.29772285619
2183.72114312294
2174.29514272499
1986.00917801223
1674.06431575599
2013.28086890977
2150.42403091907
1876.23827828677
2059.01086532712
2001.4083790086
1648.32706341771
2106.04157208333
2027.44493986085
2304.38460725853
2223.38269576634
1928.77318861592
1845.78077836696
2073.35547923401
2019.268362712
2358.46536345341
1938.43561107678
2019.32895666229
1996.71399177366
1733.41509485769
2187.0456942912
1947.23467717341
2213.24339587422
2097.63347951077
2057.35099779589
2029.47664707447
2155.46017682182
2177.1397750107
1998.07657771589
1938.86301542539
1802.7370027632
1759.68356542108
1813.87564353954
2122.80696502133
2189.82945827023
1817.74752876474
1774.89239589242
1909.94831296959
1851.75291348634
1909.78100249903
2018.14429406598
1991.44801803063
2346.38063585855
1966.75611839832
2035.4215036704
2063.22165214537
1534.82176781533
1916.98748022427
2506.19009014505
1701.09557295721
2171.93572599421
1623.2566868616
2248.9812264946
2108.78695838246
1986.67618044621
1966.05212398955
1602.62988440922
1985.87005193102
1946.74936412608
2329.99362059218
1760.26157032718
1610.1590456222
2043.22121369859
2195.87684573516
2045.50167382738
1818.85566806443
1701.0510571753
2092.92450221107
1853.74587923332
2282.89653617153
2279.54278265763
1724.76813179748
2283.90372653879
2157.51907103032
1853.94021808567
1561.54057423754
1705.24131786181
2021.08680111595
1689.59485324198
2261.57430639551
1690.44769899573
2282.88819862895
2092.10721792087
1848.69378360454
2009.47293585957
2415.79078411845
1898.12128153439
1398.5502512124
2169.57445492688
2414.27716832096
2101.91279177688
1824.16204541223
2066.97602651961
1964.94103480951
1665.18822131954
1971.21428750873
1357.30471791104
1882.27112074255
1416.2114344541
2130.58047462115
1811.13455306282
2184.71259210035
1650.52732574497
1917.45346125113
1954.40232107691
1859.18688321473
2267.22808302595
2083.06500289228
2198.79122182042
1684.44963716383
1801.24446920054
2232.48854135936
2157.91254119035
1908.3743685741
2049.53841256772
2534.66831324675
1987.11576356946
1372.51891604364
2278.58587627727
1841.85135346526
2013.69352606083
2359.26319508675
1848.69846935715
2039.82960022184
2003.01612809843
1858.19972224998
2306.22993856005
1763.40896588137
1695.09280835829
2184.0321271586
1974.23518882154
2405.5996419486
2217.45764716587
2027.14174601257
1728.17701351741
2249.10595685207
2133.92662880248
2196.38380552555
2156.51244947974
1593.03518183184
1992.1846459045
2090.29936347973
1835.42290794491
1997.20077180095
2000.66333345709
1964.1138675972
1885.07125867509
2005.04864866917
1836.59241914818
1930.12197931737
2130.28309939875
2317.93346827302
1782.49577735382
1763.48633074172
1729.54292459022
2006.75607470393
1857.05171472108
1835.73578664562
2228.13795404316
2142.24712520764
2000.81008358431
1975.52746907851
1709.07593481025
2071.011395401
1835.86086252538
1783.40049968082
2287.1077564548
2032.12840775356
1837.81363831165
2173.48403386008
2070.03292144366
2454.37927270329
1687.20838035611
1798.0250312996
2084.08170841464
2132.90678646336
1500.90028721404
2123.44160652743
1922.8780432923
1994.90696728186
1736.91899851351
1914.28211795731
2089.83601501767
2493.18129626219
1951.64023680628
1908.14724846668
1924.51586909454
2134.93277130343
2123.06038297432
1557.22630568254
2012.63342127967
1980.87559570283
1938.25095429451
1458.42476056438
1814.25521202426
2020.86500750482
2320.72636466389
1895.86880993038
1594.09210247495
1945.11628472543
2129.33390183827
2437.85025531399
2237.67265193971
2247.76550773563
1694.28268160235
1950.76655032068
1809.28109042218
2160.56287195542
1969.96489324744
2074.16084744481
1835.85894447505
2068.71435455434
1466.55692407296
2200.84846583055
1836.89636297527
1952.8539515492
2070.35012102765
2324.48267632965
2100.45992113943
1640.45740712145
1826.74955493911
1860.15137210554
1425.58626863095
1771.55274872913
2113.87543383872
2411.90494539036
2384.79288377847
2120.94227702293
1871.28498033937
1858.28441199457
2084.00494131615
1666.64072263412
2370.93183803375
1801.75379158577
2411.49991812239
2095.76447085237
2142.5659696188
2092.38944738552
1592.34033922189
2023.89252974022
1980.1343672314
1905.39017578571
2151.08199745035
1725.26790566531
1981.58638503442
1766.95093221043
1919.80839396516
2558.88089317787
1823.13371457625
2080.19111671314
1706.67605689593
2022.86810297419
2557.15398520477
2170.08476951303
1877.14412726843
1667.96742817079
1856.02346599813
2161.55215466781
2658.68552662611
2040.56352941749
2123.50921399743
2313.36849022862
2070.90234631715
2055.19388732417
2048.27635286086
2090.10237998591
2591.87513545114
1410.31009670108
1935.62286828932
1936.69812599623
1968.71909317265
2314.65107132664
2062.74658635093
1905.17027820494
1471.86068607534
1832.79252800219
1626.02688319449
2254.44842226657
2312.82002260343
2213.79498902269
1657.23289578688
1375.87169167329
2104.84574620431
2244.33585337382
1901.39174079292
1490.01236849778
2342.31184615792
1888.12640063344
1954.68210067045
1301.05682749032
2071.45255959068
1866.42047311851
1945.666818808
1893.52110263778
1885.03341711298
1971.78769722752
1988.48624267341
2045.50106262112
1986.16912630508
1912.7241157709
2196.08137872822
2008.02127457347
1962.90053742399
1651.80222014304
1836.54968240148
2367.72127234006
1919.36133689589
2168.00801316717
1833.84227794792
1878.21885050844
1853.41623770631
1767.82256855404
2052.66016578897
2029.02835476577
2014.89042709495
2208.29572364672
2085.66015982373
2438.80249055922
2423.75103253192
2132.28432628791
2182.59065842579
2221.86841882227
2237.13346433614
3131.6434971859
2039.03375236035
1734.18675227726
2139.11511139815
2051.00635077191
2237.2053677574
1801.49530759305
2097.18891446093
1966.45023524177
2001.77785213648
1578.85577009629
2333.12594868128
1951.75251861881
2117.0341502724
1811.02717930373
2380.63916328794
2034.25455527462
2237.61858093734
2047.61018668614
1878.8278407609
2412.29162647453
1939.96168708364
2548.79396431134
2291.31743833473
2285.19753001945
2130.83519758009
1900.53971179651
2473.52369551368
1876.40013323669
1810.52108012806
2205.60261371204
1967.85043508619
2110.86011520627
1892.54240630611
1670.76613245688
2207.19014981667
1741.08779218612
1652.91307031151
1861.26504813089
1918.60897635802
2107.12967392975
1684.05938354003
1958.9086702109
1761.61218735022
1828.86063967702
2292.43401370789
1355.49066935829
1915.95026557249
1800.65712628974
1828.58413847572
1732.56250680251
1690.77414995317
2437.19999765256
1979.71967812077
1817.34104468293
1990.46758006011
2200.39472107794
2139.08196773719
2264.26652114242
2114.50289799752
1898.91308742275
2124.54179209412
1461.7035206664
2219.25000603823
2009.35200778734
1846.79620730772
1908.69658690685
2075.41545052689
2323.46567739298
2092.96087606701
1871.40396752736
1977.44493033357
1973.13053666192
2139.81604757638
1723.12762934278
2024.11752213071
1924.20265307788
2030.7861133838
1950.59269598206
1890.12002927177
2286.62476376898
1627.07710014282
1764.07671357765
2130.09921278177
1954.83601133185
1906.18045383846
1882.27297417189
1905.71867468177
1922.90070867707
2006.74306906119
2118.06177283567
2332.07646700404
1321.5000397409
1980.5985137731
2297.0602109622
1930.55862518304
2079.61739267083
1870.81063756262
2278.72541137196
2284.31473898596
2504.07281559548
2058.37815057884
1838.26177895064
1338.38840376854
1924.37740213496
1831.14716794151
2329.27436715803
1921.80656234322
2038.20453864323
1890.83291463475
1733.90445249008
1768.98927206909
1945.61635082464
2127.15174958069
1614.18631777048
2000.91018622589
1914.15125310221
2016.48631142826
1516.82097427329
1713.76203133441
2035.15842688582
2058.30497438876
2065.53551024475
2098.14506225558
2774.87199601372
1836.37520354594
2269.61397674937
1880.18114667743
2185.92523459209
1965.58793042286
2123.64090061893
1821.85503631064
1783.04257938023
1971.18530267713
1596.04715145206
1816.99983452756
2059.09538019293
1732.25343561196
2024.2471545184
1855.63568203463
2028.23661936561
1616.14147348313
2289.25696968702
1317.3036521411
2051.41468706481
2265.230091988
2102.32776829314
2104.76079266554
2195.1734346043
2181.83435055243
2143.36820868089
2088.56318551355
1901.61560063955
2329.48461271768
1972.82118974788
1876.27734071141
1839.49656791168
1950.56594601385
1907.24875704203
1860.08273751823
1925.19664087363
2027.49957612611
2099.72268452956
2088.71026285391
2025.18999419453
2258.84304941569
1954.21634422318
2089.9410561607
1819.89467099217
2109.40727158276
2116.78259110306
2056.17103399331
2002.66849926634
1996.27864887511
1914.90142625
2260.52469481669
1939.42079849428
2059.89195925158
1566.44869678926
1876.53626708744
2230.59095506774
2038.93556978781
2044.73600016957
1972.74417782724
2133.47709161197
1900.20521653868
1600.0030059085
2005.14326558332
1760.89572812494
1810.59347015952
1543.34254949594
1974.49962087476
2045.24962031621
1945.53527319051
2242.95541040163
1693.21153484935
1254.82145943035
2448.77788614496
2056.73944415391
1683.80521899649
2177.26876774316
1963.2052809881
2067.12870044422
2326.17608086288
1981.91038138253
2049.75725279198
1940.81278234737
1989.38825275522
1844.29171584157
2271.83090851841
2176.25135706379
1442.24135467644
2039.5903824315
1867.85118859449
2017.46304792099
1975.40625792591
1999.98640489005
1878.29320070645
1913.43852942784
1765.45610973518
2301.98939794214
1735.93450667691
2010.12991160853
1847.21652537525
2094.59685576024
1739.47476847455
2351.05250186033
2231.915018404
2235.28254494125
2382.40417978251
2317.79618837417
1942.20865120972
1999.23859196981
1986.13023909678
1956.82793940294
2042.00160505801
1798.95219480685
1822.97048794039
1494.14032133934
1989.79638245242
1899.89722350737
2093.13876542814
1882.03045389469
1679.29016607578
2460.62172161729
1740.79117827814
2125.36719427495
2168.41289607331
2181.11365192629
2232.63289072255
1801.50928021515
1925.62331878001
2151.82037331439
2142.41212293552
2007.89243226225
1921.55505966138
1671.34103184823
1466.11928579507
1700.23645862192
2143.3321881854
1565.01322106148
1954.57553355669
2176.19833864969
2099.18778723081
1741.09168545177
1937.78883055119
2028.8278065268
1878.04437759504
2204.14631971308
1932.92768788913
2169.45858888556
2403.12034203945
2665.38012453743
2326.18277497534
1799.3350487173
2226.94800544051
2029.78805745748
2031.85382629946
1977.43202463659
1845.62471460941
2338.56830551002
1892.53198050984
1729.78885065061
2237.38186466954
1913.28191961707
2242.47328042457
1824.98085647406
2100.68378197986
1735.23648030448
2045.24961190229
1917.64144019519
1797.17125473806
2253.06961732309
1849.75295673421
1782.88645577014
1507.71338390192
1885.05854354727
1677.18132687288
2198.18029679816
1844.79933177461
2161.20943934871
2429.25528012169
1880.60341932325
1942.43081727282
2139.29296257742
1912.08085639866
2272.46604497683
1885.62497858954
1734.97037859007
1734.36467593837
1954.04423584405
1839.97607393586
2151.22461055275
2093.92564781219
2185.88223973169
2265.1623407541
2134.34407508228
2373.54216819819
1499.01805501292
2026.00150400982
1964.9092787045
1754.74186536494
1739.56170983001
2267.1944306616
1636.4527161968
1517.29612349114
1940.12469488846
2367.30410708519
1833.70160589579
2048.820717046
2158.37761502649
1690.98144091631
2177.45566947151
1796.22537758005
2564.90764494395
2111.96973536492
2066.31644515967
1807.31130232159
2156.14257029383
1949.4682679863
1670.56150179892
2083.93392758063
1525.37594788638
2010.33338642816
1907.26404680421
1932.61585095256
2089.91258094303
1997.45542622053
1685.74490428719
1988.70051462393
1742.12999094136
2461.24348858444
1835.35967377529
2139.68125131525
2088.7917791505
1971.53388829374
2159.45229556845
2202.87717728608
2173.79383333395
2281.99287060643
1876.90480178949
2247.8377236443
2158.53587673504
2017.40560518069
1858.1009966204
2163.21276131239
2280.11084805886
2026.50876179961
1793.47523105807
2424.76135428392
1986.36545228568
1673.20224820877
2293.88409834307
1972.46478171121
1888.83449222411
2303.10581756558
1995.03244252657
1952.19846521698
2104.28776135014
2340.85931482828
1852.00440971226
2009.08073622981
2038.38232019958
1909.47879897988
1786.95631650081
2068.49418802885
2002.21915147461
2112.26775086527
2185.32388740745
2396.51606694404
1865.77587319163
1813.40081075763
2081.38101716633
2011.78884832877
2637.98461915011
2195.26325877649
2073.41810676377
2191.66901431633
2225.23054480854
1637.31306733951
2514.15214916055
1999.54962300999
2001.15963826111
1899.02155230851
2041.38986399065
2220.74484872889
2354.4078294689
2134.26511717774
1909.44280031558
2177.49431312851
1754.53626945745
2071.91440634687
2121.57633790864
2031.2424758671
1927.24906672918
1974.30144744557
2038.34402394537
2067.83842405304
2200.94287663799
1950.10322920967
2001.38940748161
1554.97252145432
1935.71646656159
1848.16611721004
1850.83279235642
2150.23138557091
2052.77106720915
2154.46387758096
2085.68274731525
2328.51102208475
1735.25585407894
2145.96850669129
1815.02030938378
1763.26295800531
2131.61588763214
1374.00778369753
1981.25117044666
1773.00385440856
1902.10043263925
1983.85171358667
1868.88607427809
1722.46044235831
1869.53014296611
2009.76776572107
2523.45002051633
2123.48912481597
2158.2777251778
2065.84564685509
1801.35696028983
1755.20025233082
2007.83394010838
1879.70390988601
2070.48686968234
2513.29210352679
1867.34598705541
2209.41296555231
2550.7451571338
1769.36272942484
2445.24500184577
1804.95612534448
2049.20809612234
1836.62149870958
1641.42227720631
1979.20365745445
2258.51828477569
1578.91995961816
1834.59577545364
2067.03854542338
1787.78920373035
1479.39267142211
2360.49452894507
2358.69526703652
1882.58422968332
2064.60559227203
2205.55698634458
2002.39871956997
1786.95028155369
1812.11878698148
2080.94844039326
2088.08031276853
2073.09659911964
2007.07949230571
1844.5632444051
2261.979902539
2008.34417139448
2253.6975397308
2193.95440826263
1764.21760233598
1934.8356927051
1669.20862385706
1953.00332570371
2255.4703515954
1394.85568792036
2372.18437316
1961.8995166228
2355.54030681147
2023.01896448815
1611.01128879845
1931.57974375694
2071.58481634309
1712.12592728851
2086.55434403203
1526.35830653062
1991.37155771057
2345.85637580152
2075.79134950842
2029.7353048933
1983.82091493854
1582.54432334033
2042.72122288476
2464.94633141597
2370.03979438216
1995.50138920275
2080.04216494773
1702.03142383788
1932.9949962799
1698.33596261564
1813.15786772287
2091.55744098477
1847.52363354992
2155.11666719957
2011.06887226684
1693.67527889991
2492.39855223743
1898.2187801687
1929.69860323548
1949.31055395607
2273.41550939666
1815.20338473772
1782.67663253076
1582.03003718926
2221.69556960458
2152.0996202406
2180.69129587111
1791.44944179324
2104.36279230891
2304.49984912647
1655.38752206986
1971.84377499235
1708.73616459276
1694.64994452675
1891.49845744224
2180.94917512813
2128.75478491343
2116.17128180963
1675.69741532368
2080.9182954464
2093.03708104741
2158.89641064282
1786.97462537354
2332.69862300587
2060.36183784037
1751.31490112247
1934.38455330828
1799.60866519898
2156.03129311426
2324.80276633193
2471.40788558376
2307.59869139821
1949.94767183801
2526.50500098381
2278.36314161393
1887.23446912141
2320.45188042263
2043.92953897432
1917.29739334764
2311.71091662592
2025.17790347979
2022.38923013255
1988.32690337958
1812.83175257803
2128.25300791885
2078.94033356564
2359.10052240603
2028.01869061588
1270.9183929937
2046.93790655261
1625.69912883341
2094.82869444484
1781.41593725925
2280.70652569292
2189.9480593503
1876.02753198358
1880.68439796048
1955.75108828797
2021.30999743626
2254.40162209847
1900.40932654724
1865.70492349301
1629.46219801325
1973.12692903159
1870.13639780526
2078.00397006153
2466.78161957085
1854.64056574484
1824.86866792161
2266.7072080573
1475.99929046516
2262.87779763894
2081.17114444113
1764.89822890888
1907.89470441548
1829.9177605326
2053.07131018952
2153.8260328263
2076.17153952052
1980.53092767144
1900.7014034432
1824.92893665981
1993.36212649885
1861.98197835309
2106.1489411525
2194.42418335976
2252.7783904909
1915.67987034596
1768.57146026261
2146.99706027798
2219.70684191417
1638.87333179127
1867.12903888332
2143.51732606403
1670.37699843137
1619.73785650016
2360.15504294727
2156.91626771584
1919.12665669256
2263.99295217889
1687.51812943825
2176.716599581
1552.91313314182
1687.05397038866
1927.28413753588
1683.9220601561
1915.99597546975
2009.64610542053
1814.84228824383
1747.1032030062
2348.78506732379
2021.50463900104
2023.79504655978
2112.71786046857
1482.23603642827
2144.48593948663
1999.300246913
1805.11609992029
2143.42781955496
1857.76859342921
1953.86733826159
2030.36079038489
2562.81500632933
1502.58760605258
1947.23621282686
1802.31768076709
1258.23506861575
1974.26869551169
1790.17491700806
1913.4460060501
2206.20115335007
1847.16733289697
2302.32710920854
2043.03785358613
2041.70795354251
2406.6740816204
2128.31833325247
1969.12301882196
2067.9570074084
2533.97671423986
1698.35916736061
1915.93036087332
2182.30749522296
2076.18540585657
2163.51855830448
1848.38064908222
2218.69782691951
2410.9323477276
1962.69459489127
2308.64129681566
1960.1081363531
2115.61898386395
2026.73878243145
1951.20106819673
2207.92991836879
1904.3764783292
1857.97284676949
1394.91555996176
1988.75462166992
2096.34996393702
2090.70839141181
1841.67256692038
1735.15814877963
2232.85977193272
1843.34839100585
2079.11068624518
1862.80745134743
2245.3057329018
2002.82515847656
2212.79128199923
1837.28110600671
1972.1614461061
2340.25969672306
1645.74247346542
1697.39459046084
1832.76926110455
2621.84179144845
2156.09328591809
1966.070207052
1760.3556825633
2216.30223227344
1871.46819268195
2143.92830569026
1845.44765665321
2084.89559017267
2003.81390468921
2053.28428332385
2080.63096512721
2121.67226192591
2268.46493053664
2154.5294598561
1916.22024424441
1894.90893053068
2091.28557662389
1923.04402746329
1923.03152597951
1866.73460099589
2027.07054297008
1950.9215433676
1955.43315550023
2023.83434469591
1709.492869338
2306.81079714713
2023.81435427308
2224.38052632347
2342.12533127578
2015.02417267745
2330.02104397939
1772.68132077367
2370.80469109907
1641.83383549434
2390.86131980225
2109.09232217329
1982.14669825674
1875.72777585162
2294.64075190873
1841.05301612145
2120.58639205756
2368.72780959056
2243.24029035377
1861.04471334823
2417.34527980665
2225.13957506268
3064.06287650851
2105.79642479827
2017.10310469272
1484.26633015084
1980.96541618877
2232.85221827489
2054.15506491758
1683.13614550084
1962.55575996567
2236.75620521812
1620.64866428742
1658.18169965912
1682.26184598603
2190.30370205883
2023.21282403534
1579.7545701126
1753.55606008066
1719.06398265902
1942.52048591157
1920.58209890648
1787.07027790617
1926.8140268544
1753.1285818984
2069.87887682565
1782.20077142434
2032.93982302834
2041.89477077667
1569.93335877698
2003.06027165845
2071.08173344119
1758.73091274844
2070.92588090799
2085.77148281258
2378.60236854385
2068.13470252256
2112.80945985342
2051.2493126544
1958.72171645044
1826.84374372216
2151.94423883331
2079.72809120243
2331.57653415464
2291.80534074204
1575.78481981461
1604.47935616601
1995.44546609364
2143.82994581073
1464.99636274803
1973.69816256231
2274.93277591417
2084.63904128386
1791.54274675884
2074.96944845312
2552.43786942394
1961.64463410983
1968.25844895265
1745.15215580911
2301.66806257479
1922.51201655668
2108.14762208703
1892.40970210603
2534.7754373485
1811.95494218449
1601.2267640922
2181.90586174723
2239.05998756065
2192.14906994216
2284.48423077345
2038.03868249971
2179.23517039389
1775.75541323754
1625.66559958943
1901.22292208898
2045.07400301549
2111.55822198083
1739.79696068795
2128.6019155787
2234.4532194413
2242.97159313976
1597.6705494612
2142.14695415377
1872.62942332944
2143.01232134708
2571.02326300185
1783.03377838661
2042.42403457507
2412.7017399238
2221.04726918789
2201.48985816599
2697.28308077709
1849.20073789185
1757.31462363357
1718.83132585948
1920.49264735789
1851.79138785104
1901.15016893772
1903.54351641527
2376.50769919949
2452.65608487612
1861.51318652738
1998.44680184078
2170.83897549737
1828.49412313224
1926.03495068951
1929.94844696916
2270.77561027268
1969.72285529091
2642.72147085806
2391.31534772543
1795.51731256526
1902.53282314065
1764.49943031489
1843.61810718524
2002.21671944567
2074.0579739792
2302.57220576177
2246.11256506087
1953.8147730654
1974.50189312097
1676.78083227225
1609.49024054401
2129.06079140617
2034.91390466255
1793.02655663032
2118.57817907804
1781.88560730023
2048.06231101316
2079.00908316406
1615.50544392711
1745.57700497352
1967.93238758684
1947.91907305829
1861.16645806115
2220.77302600359
1734.50969171231
1863.24037887167
2975.10600466324
1531.51417421427
2149.75156929959
1851.91952620505
2132.81771073019
1681.55214466775
1630.17307286634
1481.08915272323
2277.33822818114
1891.7663418205
1964.89696916189
1775.42949160726
2143.43863681975
2006.32326299161
2469.75472242453
2310.0530187442
1816.27953146091
2149.95995720819
1907.2810393746
2176.71604082321
1862.1579436759
1966.92185320729
1993.59485012073
2124.78462286538
1598.51644352791
2200.68673384097
1997.04043716398
1912.42058165311
1860.79391575644
1994.57380341466
2285.71910460919
1871.21290775427
1762.53713394054
2224.26566988315
1676.90683969323
1949.95916457207
2116.77273803253
2072.70791304127
2085.486864433
1904.01698027863
2132.80173450979
2074.73626611928
2370.80236181429
2179.01953581475
2272.36276651487
1952.60149855718
1992.73720845292
2249.01755121597
2343.86974284596
2550.63458812954
2314.65708239447
2235.89977693767
1652.06831528355
2095.62582015577
2238.11865878404
2379.53274640217
1855.21561400763
2191.19698965528
2016.03949609634
2124.38579568436
2009.5752670049
2080.59939991409
2071.87848244832
2178.18042861258
1885.9328685946
1927.6362178194
2295.24274666606
1840.86089786181
1839.60062465029
2358.34833266157
2212.6760820916
2172.57300119183
2117.91680700092
2298.14340047429
1980.92825256921
2184.1945458667
2252.30894174373
1992.74383165774
1956.35477893652
1941.74868797993
2122.28316282057
2144.51937833396
1907.15161120134
2183.67363257286
2060.29624256036
1835.60457019389
2355.4328356613
2302.20508302144
2273.36614249564
2363.44510791162
1728.12965784505
2618.08517876063
2181.4235885201
2118.98276032865
2077.52750028872
2028.12675700942
1831.79019167313
2066.09582685387
2056.9668920121
2353.30141802529
1783.57470480348
2312.18978376777
2052.65560181841
1673.439965577
1876.30160260994
1983.86348406315
2118.6331460258
1802.75092857826
2325.1617777725
1949.32200490166
2046.45754703187
2014.99021994318
2094.13390847993
1888.06754857829
2031.3709672328
1451.25572882324
2115.97163298291
1944.18687995076
2102.3010522996
1815.29894896126
1989.14314130596
1814.16645040106
1837.14768918744
2151.68076546572
1997.124561004
2269.15552770975
2106.86516434205
1988.31238811464
2022.46175820441
1651.4903600693
2003.95381462516
2107.88042602559
2263.65801725869
2232.80405196901
2027.83036625716
1895.56506918644
1966.88963391808
2210.50665526663
1834.20072280422
1849.79020317254
2179.60858333501
1623.59526978551
1816.2982570541
1795.2548854998
2060.33832145353
1856.06261092191
1857.41847757276
2469.97826343817
1901.09317498016
1594.4008719055
1861.70972986291
1894.79596306551
1963.64040777252
1924.39746785735
2249.95762974128
1639.85933581056
1941.68673781173
2300.88642554015
1980.84763943286
1805.46956199249
1821.43213750734
1704.57997169163
1636.35621562345
2102.66061039828
1482.17254001676
1571.85283633484
2648.5943333809
2319.64499155192
2512.54684814162
2132.95135142603
1980.80446583885
1920.19945263516
1784.14186803777
1934.49383027529
1947.10660760237
2320.94362995839
2208.21707842237
1713.86724670728
1894.26110601863
1829.52700337421
2468.33459663036
1888.56189396057
1970.90788186913
1794.45194931782
2194.7221737688
1821.17318540752
2093.57240233435
2014.74639171671
2267.37948816009
1840.53770224184
1789.74768047728
2418.11550495453
1462.26258191987
1762.39611171097
1652.62777814005
1903.02610212228
2024.29948864658
1983.64792456602
2206.13393958174
2311.5783258682
1991.52293937935
2098.76397734004
2036.8352796267
2414.35172458391
2221.72750558887
2108.38756585399
1973.66763754304
2128.12032445878
1881.36804218807
2034.08452340722
1838.0321916078
1778.81098000462
2423.68079494595
1995.26957747629
1846.18582345453
2134.77646240206
2142.47935741114
1765.13368838752
2031.8973160498
1993.68959325988
2181.13394294119
1569.51704807956
2271.32679804772
2191.92336037114
2159.88031746107
2241.39111848673
1679.10677735733
1959.17622362432
1367.29631605004
1621.35791741547
2087.98007835136
2452.06256724253
1842.60172537337
2045.42266689199
1783.68680499749
1973.47830045397
2126.43371118948
1963.65425978606
1956.812325041
1591.81364861923
1787.43813623753
1884.0177614574
2243.63543229372
2208.63017749436
2082.888559053
2020.21076417732
1645.21311166625
1792.98901981986
2100.4579878963
2219.27682717589
2060.96406374859
2334.37040417251
1839.91700141075
1853.99255225985
1874.6542447449
2220.00482655966
2244.65529520058
2319.95926012226
1947.77147514741
1850.28728279457
1886.85965530577
2124.14298820618
1695.18587069294
2256.71343713128
1907.48064982526
1605.69210969369
2277.67186416361
2130.99009856104
1969.21296134989
2278.0449924082
2072.35772306323
1884.08625289206
1954.89102414085
2252.88656674027
2256.9209592174
1587.45304393908
2002.27681019779
1805.36037088555
2047.58532786937
2320.59889372641
2297.04231175457
1958.24458881705
1542.75247514841
2036.56111709978
1976.30719423367
1920.9455921949
1790.18887446185
1914.65533233843
1855.25017213273
2250.47452558934
2179.67698378269
2365.75865281144
1842.59644276102
1701.94767642468
2020.83830815156
1978.98666290509
1961.39479317303
1556.42598690646
2182.84917112026
2272.85497544617
1960.58487200842
1792.69117485064
1457.12339649226
1947.80052266979
1794.78508512285
2080.11542109087
1779.62251485247
1775.48883417757
1848.00291071768
2114.41215519145
2303.90223076406
2021.02515440123
1976.51018428971
2203.85959403834
1887.70198345256
1617.33693142183
1752.60528743966
1989.13235493468
1850.14556504138
2030.82517633762
2067.61582213971
1958.58322702446
2604.59126594401
1615.92325619839
2026.31420449506
2206.16458184314
2280.17535142477
2107.16301066336
2018.2724331009
2015.35612317784
1758.64065908247
1889.31133090726
2077.95163035602
1850.8629904557
2011.17914824996
1802.94178522693
1880.74804241278
2014.69786309152
2434.29155822025
2172.38916797406
1768.58207310473
2325.01691949295
2068.18765883765
2257.96778127239
2623.34419602669
1981.21320782541
2038.85032535984
2120.53434088898
1772.89624848638
2157.57251657499
2038.91193580902
2034.29203384524
1763.54514957962
2078.79680153404
1636.059254824
2018.93319876021
1783.65710430232
1918.72973273002
2031.56623838423
2101.42108205315
2257.30455428827
2255.00548338876
1754.96318170046
1891.9127072091
1944.01098639478
1975.0299902518
1496.98293841094
1894.98128744769
2079.91018312429
1874.56455017633
1658.73120564681
1967.70601465226
1908.62483277758
2193.76967673736
2095.16835779704
1915.71815675822
2331.47849609135
2479.38084273449
1966.20149606357
1848.55403962012
1810.46437717971
2172.31964207134
1764.83795839917
2294.31974885051
2521.57837912954
1978.49281641317
1962.64665172249
1652.80815835942
2128.91056006662
1553.25503755771
2049.68778768574
1602.64362347272
1806.52869511861
2576.22712972062
2204.98684766843
2143.5850163016
1767.70525159359
1690.94397578504
2136.35421822542
1440.08741812641
1570.92617988973
1770.20371430976
1980.49325552111
2235.60257109284
2240.66437226287
1741.23502552847
2287.13676452884
1870.25074247459
2374.43215612524
1909.462783456
1685.11277981386
2272.36388446553
1799.62505225817
2143.98656969472
2061.17699719763
2352.54967195284
1979.74705955049
1661.37107353745
1646.24856818697
2109.84573109993
1899.64046691381
2084.61278231788
2372.05845869653
2275.13075793232
2076.33787368336
2291.25002312665
1788.4616703343
2326.62795925888
2696.41431343021
2110.96665613886
1996.97154839648
1926.09260855056
1876.66753520329
1942.57879078101
1925.50758486234
2091.69028703968
2128.04618816943
1985.85683821855
2063.91737988929
1759.72071002982
1810.37765921115
2119.34668714054
2562.26784566942
1843.86257407129
2278.01335215526
1773.07567169777
2477.23660209103
2268.15454157436
2076.80507935122
2029.57247876581
2144.08751657664
2181.78618554109
2097.82247549272
1875.62709397566
2145.72186538226
2066.58647425482
2404.74990715762
2305.94911592902
2285.90358119225
1681.83671596949
1845.86557000463
2040.51110870417
2057.61940851549
2173.45007692307
1897.0658615015
1680.60635320885
1570.77053429766
2189.61371808673
1868.95926714693
1958.31729150964
1852.52729748149
2070.54608248545
2108.12076149526
2038.13696985109
2448.11181888679
1768.23993944046
2026.12386352806
1700.89188078896
1752.93991247901
2131.34772728266
1783.26690460083
1724.89930397081
1977.52575079804
1890.41529847598
2119.63245585922
1337.74429185862
2315.04271853115
2210.40517059477
2066.02386505705
1752.60983424494
2218.77879477443
2093.544057448
2369.53398053859
2166.47049584039
2053.24359317273
2137.92597434329
1975.53709023305
1724.38831809708
2198.93470003723
2157.16179188877
2061.23040225401
2174.74331233691
1883.7859290853
1842.86951850215
1572.18119990162
2335.74673509019
1936.71633277043
1916.30160744124
2089.85178851253
1982.90809057706
2274.9347715625
1660.85293496171
2047.41338825127
1886.09445154854
2112.21048033049
1853.17953863862
1927.21217650175
1840.71614723657
2029.14664642279
2241.32265387051
1655.38096490989
1963.71191645336
1926.78517004737
1767.74658235017
1936.96203442357
2241.64329360886
1951.35886434974
2242.99964211636
2331.629959029
1845.30398893176
1968.30953273725
1555.51189890436
2311.12839778912
2071.08450946036
2270.6376508751
2197.09271157266
2224.66306985419
1968.09172361163
2200.14424874073
1998.26263006129
2131.81570644333
2063.48141013481
2021.03797033954
1889.99885955663
1704.28473408519
1860.24448538199
1570.95872676411
1985.39350629755
2014.34620200041
1966.96510992759
2048.54989546634
2431.94311588602
1856.89509820147
2219.88557196387
2110.09232735704
1722.15552490404
2248.78847342772
1976.33702672584
2063.62410808665
1784.90374308332
1906.74395400183
1812.33885872142
2072.83030542556
1759.74858030326
1833.7346923703
1405.06126228013
2241.23240919043
2079.16833940417
2261.22750345196
2365.24151626073
2054.97909968737
1798.04697427776
1895.28854886213
1847.45904827826
1782.43363166058
1785.80376421553
2199.71014317185
1706.2323527602
2136.20078912453
2275.58463702545
2150.425887296
1970.52617208027
2183.49730548253
2151.88325530432
1748.3602621414
2310.7712683358
2301.48819000944
1998.07321342549
2481.21042132253
2381.09697716349
2001.32895935695
2019.55135552129
2222.29608256276
1695.46743182102
1802.03026560294
2269.39739212324
2189.26658493838
1851.35094014945
1551.98100988366
1894.1564963801
1873.1367974659
2039.5891431552
1902.56663973683
2149.91521964493
2241.41944076993
2484.66049640802
2190.87358483291
1715.61839150632
2102.0934988766
2209.12840409461
2106.77069595459
2278.19050229302
1741.54709415964
1973.3827707784
1686.98719126233
1898.33074028517
1539.39910540436
1754.0230328288
1741.44361530249
2250.0909095232
1981.62873746538
2216.31787098028
1769.09058437909
1899.83991254582
1872.70578093522
1696.45895007979
1664.10447858758
1884.92689250037
1950.25000614905
1927.73897753146
2147.5370860013
2595.01284589655
1838.12742144991
1697.61740344792
2210.7515886776
2194.33356268323
1732.1894249634
1662.96563447208
2086.17182821351
2177.49631591692
1696.8059675705
1711.33582105132
1924.41511399728
1895.05807458729
2074.93611395868
1943.165145997
1874.17708855276
1902.57729392079
2044.60956563628
1997.34673645304
2098.82857155036
2047.77895320269
2341.47437840911
1892.40958567967
2004.70682592685
1959.13812892796
1599.48346584173
2118.84412259734
1886.46462961712
1968.8592623833
2160.11743730783
2249.07038002393
1996.09310409246
2174.50837642348
2370.33934827835
1788.05956903927
2579.97507037079
2383.98200248463
1899.8865413445
1654.12066784846
2163.88111949643
1796.35225662979
2488.76603682963
1714.38629625978
1607.52350925848
2231.33199491534
2450.84581390069
2374.55277934504
1359.70567272522
1959.36213614144
2068.20968376945
1962.84498217158
2169.77522501776
2281.88706058587
1829.95144405929
1794.74575906113
2177.91863842245
2273.85549264169
1700.69917667238
2244.80555110395
2013.29903557704
1959.36256614526
1769.63345619065
2080.55833147722
1991.42890288336
1540.81452703224
2134.40484327036
2180.82755711036
2364.16899889984
1790.53566420055
2279.49208039621
1733.96591485259
1655.07989838393
1715.27931414871
2140.17479746888
1757.34883935897
1877.57619885963
2089.48355201981
1905.27671574542
1716.75195088159
1820.35802205327
2262.58062370393
2368.46854340655
2190.50023132424
2285.07189264592
1884.99341652635
1755.69412339108
1916.69509002692
2131.83520349504
1768.26955378985
2260.22799028732
2188.56145664486
2288.07890349891
2144.13773855637
2252.92189784628
2156.68668973461
1991.76601882425
2081.71917247173
2225.19705551211
2181.30435512827
1909.83191791854
2110.1375048729
2388.08783302093
1977.51825806002
2509.01404210914
1665.42924030686
2122.66671524743
2336.30311793992
2348.92968925944
2054.54057430257
2587.26836118841
1996.75885691959
1965.72997820995
2388.46432070672
1851.29240389829
1972.20806293103
1794.4033105667
1863.42804764283
1876.78058341775
1556.12351618312
1562.83949293043
2031.62619929616
1882.04832837386
2047.57234158587
2138.13678152764
1740.91065714955
1781.36417000914
2544.77595741994
1731.79589986483
1740.72253828022
2077.46506379876
2338.62590158739
1498.39807441488
1793.45057077449
2273.60130883985
1662.42943794184
1759.05129276001
1918.56599339851
1997.04833805444
1784.47612947892
2288.31388825238
1832.81050337347
2271.64226161034
1973.06352469101
1598.367317241
1595.222803246
1709.41342891448
1671.60195743335
1985.95363487383
1849.56132376672
2382.37785727811
2153.9133422953
1423.84002992105
1631.38202419508
1827.35369009631
2286.9877108323
2281.71824674225
2294.02615138519
1535.16888591599
2095.64709201912
2004.63871794635
2466.39092630858
1924.4853312475
1990.35893498383
2015.26885411608
1958.97328098042
1979.89779408913
1820.87526592397
2144.67452432407
1836.37262554276
2370.74398036537
2465.90544092285
1661.50138070207
1947.12710322776
2128.08190977318
1970.11179484745
1803.15145741288
2104.40322474052
2642.44286668233
2206.79573179769
2004.76506951165
2043.6513050311
1758.2301440294
1957.15635816655
2032.70972806219
2470.37930428311
2153.05649171327
1868.06832076297
2350.55347241434
1946.01826492715
1851.97624261882
2045.5507427558
1885.58758783167
1941.61555296449
1815.73580677022
1616.24651558089
2156.77008175802
1949.35733648389
2289.76504178628
1887.59516894704
2074.95713789361
2206.54928417043
1938.89881999818
1975.35080548172
1843.11894638877
1446.70609264849
1624.87408718705
2307.31820394736
2351.78277599331
1786.53180940075
2052.59931022186
2158.50290833015
1769.9584157653
2224.11887558504
1834.41916779266
2397.81097923919
2050.61227150524
1604.74518299804
1759.00925363201
1931.23165436499
1863.42341220205
2321.78742787152
1442.99629922351
2024.68876165844
1966.54677064077
1984.9272623649
1825.9048380591
1587.70038039058
1834.72597205357
1810.39332540067
2161.88292895824
2041.10725796728
2145.77377657207
1921.35973456803
2087.19290670834
2031.06130706334
1949.26063759112
2130.20092321681
1858.97178936477
2386.55378464256
1964.28141932175
2004.87990478032
2158.47582805656
1884.2668558346
1588.53745206971
1871.43786271704
2049.10877162943
2137.07657195397
1595.31560906225
1563.0007250707
2112.90525691553
1887.52280383325
2193.37191683961
1934.45350829648
1603.40697522262
2053.26029780885
1919.53519685476
1895.88237516179
1747.18323990926
2041.74833260295
2329.88318779054
1831.36392306051
2004.38366096028
1963.4816008011
2243.09389609584
2426.05983556426
2088.30245789761
1832.61566025407
1959.21888184996
2044.03385022174
1789.59673471525
1934.58781882896
1848.35638635055
1856.35456869396
1888.62277857343
1881.07885249172
2451.2911740149
2001.64088742632
1934.14323311258
1843.58337085073
1855.32489388181
1937.00252722137
2039.41368834183
2052.08988292602
2199.06899343192
1332.97621820258
1998.34878588048
1962.2288765677
2076.33163102012
2334.44822317781
1428.35181037744
2275.7627175261
1905.57638017315
1883.30859314116
2360.93898003384
2106.60218777499
1696.60056283695
2232.24738904131
2338.75204935186
2343.27117128154
2367.32467606097
2156.9331867106
1969.16165178357
1974.16243713176
1877.91791742418
2074.12745781887
1795.38083773379
1904.0047526903
2415.86022922661
1867.83749744041
2062.16783038653
2147.62685862861
1596.55824635637
2273.27416203678
1699.25668411029
2211.41661547964
2470.88469491701
2220.94650824268
2274.52078078561
1932.48888417339
1925.28050388392
2443.28669308473
1832.11015120016
2183.84593380285
2091.50284563223
2091.88485257092
1933.71404085727
1775.00793155957
2040.00458479712
1830.75926225029
1846.49179799463
1595.12072364503
2141.4495484271
1691.39541381648
1864.92307347082
2134.21431827633
1892.02760261706
1721.07454650715
2000.91128353617
2456.11927310653
1986.27490148366
1514.53540160342
1992.12673628537
2218.31270023329
2371.69256487565
2013.47514962021
2005.82837254463
1871.1462807868
2218.80751202285
2091.50145848432
2108.56377821519
2182.37686381205
1947.83231815353
1996.52388985223
2019.0625654758
2130.04171982094
1975.7051645921
2137.69083104537
2333.28665082162
2460.4206168363
1982.52688177809
2253.75328692028
2164.3237586354
1724.91451752724
2296.52313937599
2069.11413034423
2106.82967426031
2301.40486294689
2009.92943369297
2033.39503505352
2103.34750479541
1335.95523636929
1854.18886772814
1776.24612711798
2167.57981278936
1869.07538396627
1926.56962917446
2033.54835554939
1922.20085255322
2040.8845082409
1836.70670143559
2077.07888381766
2301.9180816864
2158.74277186536
1852.5223534923
2058.1747862937
1704.79996822775
1736.07129636344
2120.10428404331
1620.6979686281
1939.02901779491
2089.58923751339
1725.92998605117
1906.89855462056
2175.26085247521
1875.82564479716
1919.88267497333
1973.47898657187
1858.40073259535
1910.66635782953
1709.07498414769
2234.49982090351
1948.17976528343
1658.67709264768
2136.97508514361
2165.80842773177
1826.8782504421
1792.40495613001
2246.43838751598
2365.98555316436
2231.11147367474
2131.43678377363
2800.47629187766
1897.86994280435
2323.96594656937
2245.14023413925
1818.74407045635
1984.47516974636
2078.66416760652
2288.00651260871
2201.38721812399
2106.4410383804
2526.77790966629
1986.28929321323
2176.69827521988
1626.02292675594
2001.82284169314
2431.43182370042
2207.11834569421
2263.17708990286
2035.73949314225
1891.95256857174
1788.84859252263
2042.0374314377
1830.19297865965
1917.12453491283
1935.45184969106
1775.21209782174
2319.11357995273
1651.49180209007
1976.26134026353
1806.46168805719
2147.4246885246
1883.56879228879
2125.17285078174
1587.90893924618
1676.38987672065
2133.61209768638
1972.06563574054
2044.85317457841
1804.2467376672
1899.00631730695
2013.62016310698
1963.54089851303
2042.26773107582
2071.60267387222
1570.53153332655
1954.58707861784
2192.71246722637
1366.08361108327
1852.81052144665
1756.17192241826
1942.12146339176
1890.41046603248
2237.3341461175
1993.41061900004
1900.5704391929
2137.81460968725
2255.09220192565
1423.20059554149
1807.05866551059
1790.66376614362
2188.44192239553
1969.26956881038
1658.78253539408
2195.48624804759
2129.70669735396
1734.34583079477
2019.53671796763
2120.66046202246
1741.38085621882
1966.36845233725
1347.93060197193
1889.56901445167
1611.29085046564
1937.2176267749
2024.51937534244
1486.3479960342
1781.04886894509
2153.72289932592
1924.18099744358
1746.31784529039
2017.28457213515
2368.45837310464
2135.72371916515
1706.28087969895
1870.09522878138
1951.78468224151
1742.67131403035
1968.43985747484
1668.24623381427
2195.33496675639
1949.7381386998
2272.57242489431
2188.20689084694
2108.75395992242
1973.89259395928
2091.67439056377
2166.98440339366
1794.0272873616
1913.51944342772
1904.46542153806
1880.97700833573
2115.335114069
2198.64755044157
2143.14599053251
1915.74064925024
1902.57654075773
2438.18230188491
2063.89278989523
1841.06771135096
2165.78409203319
1989.7681804673
1951.88342849939
1932.98763206554
1800.07664089535
2059.16178290887
1731.72447093078
1998.9850500425
2012.60892094512
2204.06982075023
2195.63244481163
2218.40101750255
1880.38356211326
2068.46197790804
2213.50243213999
2389.03758105762
2228.9515139655
1725.49236619773
2266.02164666602
1938.39602738014
1940.30161892228
2186.87810227158
2118.50801977731
2110.80265588633
1857.60997639033
2217.58195798444
2137.03822211862
2026.73582331465
1918.63120354087
2127.32513838459
1935.94368026937
1970.14498335802
2110.06776876888
1714.71859999155
2002.21289144437
2372.79666849881
1999.42222318102
1647.28918371042
2362.9334539955
1599.21600850322
2304.42601844174
1731.06396042632
1957.57570231289
2085.08342942261
1944.51521508175
1947.11032131041
1843.38399320396
2078.39022767002
2416.73209411054
2041.71894822649
2135.18031683064
1970.1009838231
2193.44947726195
2083.10668791112
1880.84480695905
2254.24482036454
1953.52769394447
2185.37090979665
1899.29723436893
2149.93589433767
1837.45075596278
1833.03562827172
1713.94486033821
2148.02785843237
2433.37849969196
1888.25909350208
1695.6570590225
2697.49625028056
1709.60407670108
1914.25322678253
1977.55183437953
2017.23345824871
2120.87888914704
2069.46473083064
2212.95951494159
2035.45985486059
2267.3787757114
1631.82413516018
1896.63789583754
1986.38517881294
2034.22282252601
1650.87295990795
2067.00400105377
2092.86532011742
2602.43807876142
1871.31384876717
2095.34576522152
2066.07901565468
1933.9376352739
2171.91054922925
2082.5473782693
2005.48391397026
1900.32010155261
1537.60090319216
1895.3036953016
2078.59060656382
1613.15567785475
1629.61554364503
1952.42203577409
1858.52990045133
2085.40157969742
2153.82906186212
1878.08543304514
2281.26367580616
2501.15221526097
1790.27895120666
2135.01325401251
2300.53934508623
2077.37278952603
1900.79679434902
2332.9823438436
2031.66389591759
2003.3868259099
2008.81665051228
1933.46180958103
2204.50994377236
2455.32074647111
2099.04494216658
2055.74153466
2151.47244698125
2337.05776551463
1962.7907233861
1790.8989988794
1792.83992044086
1818.3154860529
2384.78133357081
1854.08637767385
2153.91972437653
2132.37260961026
1759.70115850913
1977.26963026484
1901.70744826033
1858.00151561959
1470.72165795948
2075.83559756215
2095.94627032757
2326.33282969029
1666.36344027532
1677.48163132685
2100.14841460154
2219.01921091324
2186.1366187167
2069.6578732643
1870.88424425764
2070.86573772676
1884.80103974425
1860.92808041587
2228.30902964077
2015.46699463098
1741.27087121654
2140.75825608402
2397.36303498797
1771.83947523931
2164.56394629891
1913.33657676116
1668.30156429974
2074.31109170831
1656.46535494737
2248.40446976971
1980.47562541811
1859.64500435709
2101.05368955556
2212.3523154042
2741.11463906291
2137.71708430865
1855.875942996
2109.24875967434
1801.41066909195
2134.0975433792
1630.34131153383
2065.35556762247
2263.66142400756
1830.25388650866
1767.08747240329
2206.3137612154
1181.73970276228
2252.10316838229
1798.42489455748
2156.45896289095
1968.25277436699
2228.19959679574
1991.13894019357
2035.48209037469
2326.01329089747
1744.31161441883
2191.27708855935
2132.94403784153
1833.74383069366
1884.96152415407
1731.75041136001
2353.80906106779
1663.51391560367
2097.42305686113
2274.92843669109
1948.42611630774
1819.10988272003
1653.40710800275
2141.39009143448
2192.68699123704
1970.74013185184
1643.58431093876
1863.29732901465
1878.3678150832
2393.18365258447
2127.68830102634
1979.76543042675
1778.06465935225
1843.90725977015
2106.0508974086
2007.56788998933
2151.87731393638
2225.94989018564
2079.73641500169
2331.73560449892
1510.59220557847
2062.37884683572
2216.83983070786
1443.95854659348
2008.77221451085
1766.34890960711
1780.93805189722
1588.12951564401
2046.13508853804
1888.15957856436
1960.36985076283
1987.27169397137
1781.88614658206
1899.48218340804
1615.7768869468
2278.55766089525
1971.88535856259
2110.55163229492
2101.21333763076
1923.43282294905
2135.88437498847
1429.61265325613
1931.57244527212
1902.82144602489
1870.85186824425
2159.49385825667
2094.96897995632
1994.09225399176
2028.87151489672
1702.64774656448
2073.35483042027
1978.77604450785
2355.26965155776
1903.50744109118
1922.61688300127
2159.75184304694
2264.38383050167
2198.53555450235
1915.84846311182
2317.02703004622
2135.4959852046
1874.56399078817
2489.20608717734
2102.89204172717
2332.26639056372
1860.81514167131
1824.82761734609
2515.77051340003
2037.79548229065
2018.50289188962
2126.69469747095
2031.46675594409
1990.97439785236
2164.44306520874
1939.76942821474
2309.17817161515
2107.48603809307
1482.04378785162
1569.68374991162
1624.16725132166
1937.77146931348
2155.69619993544
1925.67943565428
1918.44566515802
1836.18005968945
2038.72880447176
2155.63557707842
1580.54267531565
1892.68780025682
2155.58539820812
1882.44327576106
1943.02402366448
1889.55034634174
2254.91775771914
2110.17150960262
1923.14373235814
2125.81411828814
2050.39134446579
2012.93874283681
2452.19506771099
2078.0008443641
2522.80401547735
1908.55671401218
1861.70746671652
2324.20236325164
2102.29225098628
1627.90793012535
2293.12336802422
1814.32482926875
1859.6420588175
1887.30012930584
2070.08265473129
1851.88451551379
2580.71019006693
1953.65317955468
1784.62292444324
1980.00685361228
1821.973309486
2265.22785038893
1982.99558757897
2025.17979653806
1656.51914161927
1872.71824467522
1918.42261674717
1446.26919296684
1801.35834814224
2028.003999853
1673.31469733257
2265.29937391227
1754.58202943851
2119.97455164953
2119.61098074786
2167.20563397869
1865.76527664041
1656.02459092659
2149.77097473535
1677.42093051661
2155.60730492165
2281.53294278738
1788.52514276194
1672.89835224906
1641.38330400863
2486.46325645765
2077.14600679345
2160.68827482947
2106.98800425518
2016.85444809786
1704.77196736869
1724.32274671805
1675.61316858517
2093.45758536023
2171.11893222575
2028.10209429431
1897.02887654745
1758.3339371297
1845.27679485578
2036.73251835472
2174.97194826286
2244.65687795076
2067.24243056271
1976.77180816091
2332.45224934589
1844.06400407566
2375.31154384013
2147.65483360909
1795.16321615255
1802.12448903223
1982.19213893064
2143.23250997879
2239.91228127716
2494.16912284044
1829.6493533979
1752.88486033949
2512.53049884874
1639.61583496084
2087.35698502127
1910.7058716671
1907.5153631231
2257.03053364507
1846.12554686772
1980.79403000531
1685.93774222895
2360.96742587773
2390.80498457447
1794.30576383166
2294.92782619069
1968.89557107047
2323.18232096331
2095.22967263332
1853.53188944551
2233.33719651732
1899.42283507117
2059.71236942275
2012.48198659257
2109.6848565041
1892.74291295867
2308.51916679098
2024.73534240596
2017.66466397744
2011.81864734353
2397.07486501975
2013.18678932438
1907.10116284061
2114.61327151909
1842.3851038867
1986.64969508765
2382.55730962848
1870.93234669423
1941.17300455009
1718.27711571981
1631.85951834287
1546.47250258096
2339.01317474643
1874.60613840109
2369.4031790039
2195.19547639632
2084.11515722173
1685.57881490838
1968.87147485617
1912.96555315198
1542.66924086943
2324.62632671594
1827.68695308688
2119.23471205019
1615.86202232272
1944.44608987768
2363.9696516537
2077.99415852437
1798.96143861522
2053.22990510453
1823.0422776405
2129.46197893413
2092.78250352567
2019.71122894476
2226.91826402553
2183.31088443344
1937.43161945089
1947.30532354961
2023.57853658707
2154.84155916844
1733.34613590988
2295.05339234944
1818.29422478528
2520.84238628731
2046.91279341024
1846.31721772509
2029.79864362706
2267.27891412542
1968.93001868213
1966.08277067677
2157.65202439834
2229.15538567055
1775.18691961342
2332.15169928666
2117.2500780447
2294.01710496115
2301.32009864201
2367.57945216626
2141.00312402397
1966.83682351981
1987.59804951421
1510.03287205388
2094.8833501853
2056.58690348293
1608.18716330977
2309.37043020995
1882.10405940383
1977.91051421867
1837.94991467648
2236.75093491123
1706.81884229517
1976.80003889158
1700.50723516142
2168.98608935256
1800.55003070229
2219.87076954959
2215.50402740655
1826.07688000305
1939.66264823171
1668.92406273141
2046.43852150328
2028.52300523452
2141.55175935218
2421.79990553065
2172.48898135282
2277.8861194615
1843.84303950184
1854.81980631957
2134.66178038402
2183.05949079162
2262.43311557247
1785.12076426105
1641.80171996309
1688.77933158436
2253.84710449156
1846.53250222679
1805.54764817038
1882.95321819053
1928.82755531258
1746.22445758483
1657.73733266048
2302.54906307265
1822.13040832205
2219.95965910868
1808.65034461576
1609.48043568384
2263.93481294587
2110.23794938937
2019.4314844698
2332.44336874791
1701.35370491642
1811.31857298123
2005.25110254962
2323.12511590066
1833.6237168575
1502.70833904449
2149.33531003426
1808.76098707154
2311.40053963945
2130.85992814882
2237.34416785639
2337.42116663071
2200.50236868197
1843.72769147227
1744.55634559668
1772.34278931336
2424.74484004333
1852.95960880384
2450.96992664605
2180.0467645113
2458.24437143192
1735.48296133349
2065.10043217363
2048.82951172819
2161.19217161665
1746.51483261172
1819.72387954107
2329.63496552589
2160.27642395772
2270.24619760617
1716.69566937303
2398.09299080431
1837.28468414388
1842.14877706365
2036.07161955039
1642.18598292545
2118.62607233343
1991.78801158823
1673.63359932625
2180.03225323838
1669.87155941901
2069.85056889824
2354.45967302708
2151.03120645478
1994.43554782221
2081.26408875721
1948.29117143884
1754.29300471285
2360.11750163532
1294.75790730678
2268.06736544132
1205.66897684944
2458.95715360529
2140.17297841409
2093.79294233514
1978.63898600871
2355.65432194614
2203.95081225737
1920.47539780062
1708.96195065573
2006.34477628953
1996.15787564872
2236.64385123026
1856.78418827945
2072.07615391816
2066.71283999962
2086.58913424817
1999.21600913679
1873.20757121854
1878.02425598479
2265.22383428232
1401.30106963498
1700.40404469849
2052.11461787889
2027.03529515065
1697.80596995433
1754.11890849749
1675.48945215096
1868.79621328378
2076.91441764521
2479.2735347429
1792.211266951
2059.16299700965
1770.79414131425
2268.95768895596
1458.67775438514
2149.91947723889
2384.39647584638
1737.70366808791
2018.07160946022
2096.34194231573
2242.30088788334
2232.89133780749
1887.68236258181
1687.6053417643
2102.87596860083
2039.80698255934
1843.34517608391
1657.73373715518
1985.15832117102
2221.71618199093
2025.08800447801
2475.98796404698
2045.79668085059
1846.51504367989
2008.60033678404
2514.18850836059
1928.43417294409
2379.92807554956
1893.53728003351
1912.88983896796
1903.94267242165
2215.61241923174
1814.3203773256
2023.92408416084
2113.99830338295
1863.19999386126
2283.36135226364
2127.09846372473
2316.28013785944
2158.18622849917
1929.48303552757
2029.66755427694
1794.25324786379
1637.96147653293
2407.63804222314
1861.55274179338
1955.58709943673
1885.87523841685
1850.87365698092
1860.50401522318
1790.04854229093
2031.18507919154
1678.64270207007
2006.27728557048
2088.09956856703
1999.04283558112
1809.72446365628
1815.95496437436
1828.89107600187
2354.07767599169
1708.05577495457
1723.73864407273
1894.58673669943
2172.96076931163
2168.97496601271
1915.50780804313
1747.38306653657
2336.05262786076
2388.35144170048
1758.09483563516
2173.96323611396
2010.97157943659
1953.32010829247
1880.92089796604
2222.5193360711
1696.816564864
2351.12276945517
2195.39244243805
2103.21345284264
1824.04201640014
2020.15029406053
1793.25863530165
1878.13983913899
1706.90150587972
2342.86977085787
2085.40979684907
1925.47722038824
2376.91045004323
2191.02143669212
2239.25989366177
1807.78050275284
2536.98075772907
2336.10242522856
1837.81627061222
2127.5248683147
2016.21534809853
2188.62421003547
1838.33697611275
2095.1346375777
1953.77978538017
1927.40376489692
2006.84945621047
2143.53341643994
2021.64069669834
1888.53432477612
2250.06468514474
2158.43728853537
2044.08203471419
1605.91486194792
1848.42761596696
2025.78231337819
2083.72209117861
1687.77449209857
1996.64052851361
1839.39334509581
2340.28096753322
1606.09310533022
1940.10033340159
2419.21494369034
2062.92617989775
2412.5105353806
1777.10969400539
2151.07523160449
1837.71387993663
1920.50260691634
1497.72534527791
1856.06688863423
2124.79567827125
2215.541390205
2233.18530855731
1829.71872961515
1861.16074653391
2300.06014982295
1883.63205984738
2319.12376615916
2074.28788653646
1906.82297700372
1759.46156097739
1841.2153336169
1832.04906195427
1704.57182322021
1780.26403853721
2199.13644116967
2149.05297941667
2104.39192823321
1517.96771760646
2255.57073421008
1825.72266393023
2036.11676134104
2274.39932533425
2190.24333927355
1780.3622034483
1694.14188095905
1995.33369131629
2124.48793991975
2021.9692682884
2172.22311275002
1697.48095927018
1536.72583702023
2227.68763062799
2009.68054481246
1886.9172202538
2301.23092525923
1891.60851616008
2250.07495297631
2200.28482824345
1973.12552998903
2134.89488152406
2063.17495215079
2168.80921709132
1802.48791860298
2328.89787834604
2061.53850869698
2350.73109159078
1610.24522454401
1862.58138979941
1783.12992181511
1961.40400403278
1662.95411768345
2044.02693543894
1882.01790907929
2451.10206417134
2383.06031363244
2429.48460704759
2278.55303207935
1823.65089678769
1739.83642947188
2101.25514253609
1827.54524615871
1915.13981202925
2000.49154324812
1834.65162216133
2021.11725768591
1881.05266735001
2245.27567075642
2102.10162513842
1816.16479339846
1891.78004240694
2003.74582946029
1854.90817830227
2090.98750930552
2388.06627457808
2001.17448622791
1676.27516346262
1891.06689447292
2144.65474359773
2239.37020121904
2158.98523951628
1710.18506820996
1700.89642923495
1796.56966601485
2425.81785610546
2065.33856695828
1647.12011374324
1533.45670037298
1794.0770222093
2003.93111376707
1979.63420794098
1698.33305051424
2462.02817690157
1491.98800742255
2549.01876704546
2098.62445257089
1736.94745911272
2318.91502847406
2354.26008166394
1785.68265976825
2068.34313889722
2309.64690740813
2162.99396160362
2544.53663150096
2030.58004273651
1990.07764357065
2270.06107374271
1752.2972206969
1743.23545972961
1708.00330527411
1618.70125462415
1934.05384136217
2121.97392110602
2050.84362424416
2318.06461933658
1730.33735159748
1453.40515791722
2342.06929907617
1885.80546229078
2146.05051579217
2156.14898478982
2292.543832748
1827.25783915739
2138.49028742525
2043.76446401771
2112.20627200531
2268.31719483847
1951.28709047728
2154.37149938607
2035.33910645196
1639.48081015968
1832.98395219765
1580.32420923355
2083.50165862838
2070.82774044616
1895.57711093819
2075.49198779219
2037.85369572183
1665.85968088415
1820.98108176716
1807.21078005764
1704.78480740989
1691.79106487732
2005.84392891663
1818.90625091833
2069.84920927315
2145.56122333958
1835.76841093547
1787.54998818404
2199.39885773048
2329.75028718758
1634.75257118102
1920.13861614708
1946.42257472961
2080.42506515636
1912.62369700331
2063.28122394202
2033.87184307475
2116.43237577687
2027.29880671264
2137.10630317194
1985.1284151303
2005.73371854051
2124.86725807667
1874.47018872245
1827.74854119206
2494.73442189948
1859.74887944644
1642.75534808337
1636.70179581362
2120.01899925745
1988.65066956487
1879.21471335543
2127.95261027861
2265.14603436822
2275.71687638195
1804.98770945519
1888.4296415693
2093.01316301094
2009.45720120808
1985.97762723425
1882.14360596271
1793.87683395286
1946.51106104373
2153.20360271789
1901.69414614914
2066.6718708933
1731.31105065576
2153.9204546088
2324.92446938216
1893.95321866213
1739.50268757889
1999.25319087901
1750.80386658578
2274.70423478784
1861.84312588489
2260.40809777165
1949.18199397409
2046.28227608405
2142.81163083963
1898.2625558449
1951.08710511302
2082.75866342199
1643.20389046329
1968.74554752085
2314.44581898342
1980.94750651892
1897.33017889061
1943.73610906278
1669.4291162466
2181.48389016542
1787.17323766084
2071.08604964098
2685.58505175297
2356.04911187688
2063.22061694132
2171.10093835759
1696.56664853908
1639.00137450227
2271.0639812684
2204.61300623077
2328.10189602484
2362.69977417251
2098.07453032924
1967.47466133152
2069.98330945251
2296.5950245916
1894.80539026507
2146.1524394564
1640.24077606278
1940.11702180892
2010.39856542584
2541.16789143876
2102.29689247108
2099.67363793613
1534.0002997893
1614.35480091377
2134.68847860132
1978.24054508722
2292.0937720522
1990.31093206667
1579.08529516164
2018.45907967821
1939.51212370617
1914.81732825265
1708.96310888233
2166.83936760554
1941.48902279563
2061.08911251308
2030.9660838793
1910.17849379525
2141.76777997647
2150.91632939452
2064.2597600803
1837.0532041487
2157.49913203953
2537.63374837509
2027.39481731424
2123.44479273784
1448.43703572028
1827.10523535718
2213.04661228929
1918.97309172034
2141.62015607784
2382.97724826452
1687.34721288649
1753.05447259175
2179.73950443589
2172.61226506987
1978.63239259742
2141.30499027394
1785.63873266234
1667.74688810758
1882.87768121112
1854.21666833358
1917.02450130597
2024.44316202035
2109.51332077641
2074.37680963027
2092.86235018383
2284.95572860556
1928.98595041989
2002.95965161988
2610.24485514663
1979.60925832235
2124.98470137692
2052.13104471064
1786.22791500536
2014.34173049073
2248.39709540808
2259.15812732802
1627.7860236214
1964.67957437768
1999.71269626151
2065.66560905189
2115.7235989944
2388.5252355684
1952.15515592682
1794.81863642946
2179.09220041288
2065.00333094697
1932.4082493948
2155.1109517249
2105.31948292797
1732.45844972587
2063.42579896467
2047.73926684736
2181.80661832691
1672.55512689897
2449.25143952769
1925.12692114414
1665.49613494686
2284.88894153195
2173.95304324236
1964.62450375659
2043.9125515062
2081.14194057537
2135.96337874197
2629.67718883506
2407.17949011119
1824.55730969675
2099.19062136028
1783.21949548299
1765.22745382033
2180.25676173423
2408.48688700367
2091.19889681575
2124.30218036324
1601.69503048692
1847.86620944681
2063.79915640167
1826.44585992662
1916.07089840982
2049.40613233008
1837.0516316134
2047.01516319704
2184.12939125508
2019.67722742826
1781.21673361617
2083.4056737057
2003.12803155202
2554.33548332043
2380.69146860417
2244.68447313995
2421.26772928537
2020.13288975473
1823.16733087604
2118.61629213325
1878.2512162545
1465.28594220104
2157.34190300746
2153.75260523381
2003.71992085853
2065.49204069045
1772.41264989788
2038.06043103492
2029.40848976251
1977.71351462958
1760.52473881188
1828.6479164183
1937.73031713414
2181.63017377273
2036.7887689515
2366.62839096065
1766.49820073838
1749.58635588085
2013.41737315519
2305.09028414487
2085.59139245895
1940.18154961578
2129.30084766059
2138.90474400206
2028.55769358539
2257.72249752866
1463.66713504008
2205.21867735384
2232.56623647657
2091.44444136046
1754.11454347806
1660.3573224322
2310.86741414698
1918.6441227496
1973.7029573554
1818.88047074855
2250.85112262484
2218.42993129095
1488.09494634713
1945.58581902217
2128.87324257278
1793.2256878137
2242.10739128289
1588.854150741
1988.60336474528
1969.29915297803
1690.88532087511
1976.95597547164
2223.31661940607
1996.02041779106
2173.78490166553
2022.25118998767
2080.77765031596
2267.11393628514
1856.41638369781
1709.83566670087
2087.54615457584
2216.8133815583
1888.94263560002
1788.20261098348
1857.30550882836
1985.91914743613
1716.30460521966
2013.85798905477
1883.56449875564
2036.3980458784
2531.12819244549
1903.87494131768
1804.09576227287
1541.16828580809
1818.47777768051
1945.27643800183
2043.02013743836
2132.54118955612
1100.82954169591
2010.61334535476
2117.94936683258
1890.81177471127
1687.41304128146
2026.45373886327
1619.01339188379
2093.36121981394
2100.70390353607
1758.80377396577
2135.38867670647
2137.59572156439
2204.27639568561
2140.53252373606
2022.35174281304
2030.38102679593
2098.03626236635
1881.90856021307
1959.72304373659
2313.19552650607
2057.52472314193
1952.22070658609
2038.14675976938
2069.15478833631
1642.36272645358
1846.45986765969
1772.44560856745
1767.35361490457
2209.12581540768
2005.85295654059
1757.19571169855
2249.33109819533
1886.3783216259
1491.35783500351
2231.87874205494
1986.59626775923
2518.31242016947
1885.23392337082
1758.97070764425
1941.50347159821
2028.39734026988
2207.65779880564
2550.14798264297
2237.62000323442
2042.70989110422
2073.4916935173
1839.55175663437
1968.999045235
1940.99177004191
2012.41151815467
2334.49971053366
1971.85097300078
1946.94528688155
2101.08061391345
2092.00557983955
1645.22695070147
2017.24871627124
2091.88183612802
2032.74283619174
1735.86261273972
1876.5419412589
2045.7658551957
2011.78776850953
2244.19355317227
1821.5521888507
2014.09714927226
1363.78562259204
1925.08311343145
1669.03292065054
2300.10914994593
2054.96257160282
2350.85597758798
2138.99042262399
2140.53558990743
1289.51215221514
1635.37334427106
2082.82925854286
1882.38083639577
1802.29123380698
2316.84239630451
1880.94129626418
2091.39308530912
1864.68039097691
2217.056293955
1737.96990453453
2407.08154676153
1658.88280049785
2194.48357660876
2207.21069086662
1944.64561425472
1854.2707722196
1986.91399361373
2190.46554024204
1704.42718505245
1710.60489033814
1983.07051955307
1832.60981887363
1148.78914398369
2103.05940481516
2161.93496209463
1906.51906538963
1847.97183446296
1580.48835789717
2230.32937235234
2582.82085514065
1909.27486006692
2233.04746845758
1588.30254753017
1827.82401121903
2169.70616578975
2152.82404592329
1914.67749532621
2652.5998520286
1602.02988735057
1906.68282353918
2232.17327540889
2197.82994595312
1991.58965210903
2230.43422451224
1937.52922724669
2047.13251560965
2088.1482413256
1455.70672957393
1981.41901460513
1461.53102936448
2432.34727095016
1542.24991071601
1845.29131199593
1957.23255669341
2639.6980360742
2410.03401763187
1837.17839670639
1927.43714762183
2210.57997328868
2180.41585482853
2321.50918506118
2107.13877003634
1936.50889136404
2169.73677968182
2080.19944257766
1699.42086766427
2114.5451351076
2210.46329880484
1835.26003718297
2089.70238582456
1915.77647084943
1888.58136641546
1858.95310154324
2329.05602890976
2076.44997006249
2179.61427648428
1749.20279662927
1980.51465411505
1678.33191969651
2096.19631270067
1276.5869700244
2405.76512295125
2074.52512842476
1825.97033872501
1720.96406963871
1535.90922089424
1820.9168304877
2010.75498819839
2269.43813107815
2065.48669011211
1852.48219414427
2087.02773758164
1691.7328230388
1473.12327231156
2317.07654859196
2084.31472114245
2053.80493409009
2159.52331557778
2080.50056916529
2204.90742472125
1846.26674191137
1594.65495361955
2006.73370216709
2140.20595426628
2009.148403505
2051.66948584201
2125.72125619346
2558.95472095843
2043.16389372862
1922.93374876809
1921.4566511347
1841.00946706718
1983.88677332415
1916.15494486599
2363.91866649704
1943.25646356242
2111.57383649548
2327.29177530979
1936.7768332817
1872.78280781129
1878.62449280486
1706.91818916666
1919.91338522379
2353.50426923723
2049.67961152843
2242.97315247067
2104.1263834253
1818.1177299699
1702.28751266249
1878.58954063819
2388.83937875061
1804.77872227528
2009.88417646942
1825.37695120687
2258.91131986631
1735.57007613009
1878.41576907065
2247.31185845181
1922.73647730209
1750.25002395444
1626.40177989296
2264.35274521507
1889.65486046916
2203.63682169782
2306.85498192219
1829.29459119096
2497.06447351656
2172.27720105016
2203.77124609627
2045.21555295424
2215.55321493277
1774.59649976573
2027.62488943418
1837.3374267331
2118.92090347159
1608.72528280277
1952.33873894677
2205.39762396797
1776.12185213489
1650.27347411139
1709.02213940938
2170.93959486322
2069.07762889836
1899.08788164109
2195.693263293
1936.55872546756
1727.76604136435
1567.53212107698
2093.58567955376
1709.42672442643
1872.90215382905
2233.81799872505
1853.5952144773
1921.4736844977
1962.44397077839
2246.57746381567
1781.04384622397
2405.1592561701
2111.28735930664
1932.46769568105
1674.09229819626
1963.39428245511
2111.85260868714
1876.79666931114
2320.45823463534
2016.0983895032
2451.79035965115
1968.24110650126
1939.01900951468
2348.68789054095
2066.1690863819
1881.90696029409
2319.80120634539
1960.55753552866
2207.59495387722
1713.05405265264
2333.40408726186
2165.51320627855
1889.81060372727
2036.90529843822
1845.19259354609
2055.25849986483
2107.79121082691
1788.52861535131
1821.45550377977
2425.96026129376
2091.25597043718
1883.4776080022
2447.91869257652
1506.45235347327
1831.13736944038
1923.05661366352
2041.54888421562
2093.02603717668
1997.99735247461
2146.68304506855
2439.49181453295
1817.33053030734
2039.46451951043
1737.89921800274
2122.21891879586
2062.43523322237
2148.33487169051
2373.24837966211
2079.88103958314
2385.72198356308
1714.01471843913
1995.83921431328
2101.01006479998
2276.65205951034
1876.6141124044
2280.57645319885
2149.36226687712
2010.75648627424
1822.82795087538
1912.64874006277
1997.38477076382
1767.05499854658
1853.76667358992
2026.8947264982
1925.56886050606
1976.52110919159
2158.06520915389
2309.35365315355
2152.87355093174
1685.41484433739
2004.54629696343
2034.20359144305
2373.20209023738
2067.06540296196
1958.06190319117
1858.18639621306
1770.54268241667
1925.5115570174
1371.78768140321
2379.07765421113
2013.88982346291
1996.16108310579
1453.21819778405
2161.37176718863
1864.52138538764
1939.36260958758
1960.68359040628
1700.50754794889
1803.89074622289
1911.45822676615
2128.04936634201
2067.91359435466
2153.17793619671
2103.77184234382
1937.79095100174
1957.47751922626
1788.65671092264
2506.19203631527
2098.582551256
2066.82796463155
1884.49224133014
2255.00764549131
2151.63409813625
1881.40649663683
2039.9867229154
1883.07483870468
2275.79321963177
2166.70169194059
1747.79245657201
2094.32351654132
1898.26564425061
1616.25414535016
2060.94868798649
1840.81017450992
1799.33267205044
1721.4686186261
1542.98622668463
1580.22534287636
2012.39048955881
2539.8193257291
1788.26753621734
2233.45633421968
2279.40509756644
1948.61404423701
1707.63767326532
1953.66614299169
2269.83457135035
2114.88461441002
2063.45812877219
1579.06374898856
1618.70591877116
2184.7734348418
1931.16708612551
1740.33586998963
1598.63789183466
2172.49904585531
1783.5107168168
2470.4828895152
1926.2496003337
1862.04544470651
1748.46163498951
2279.27006090502
2191.71609544856
2100.43493112042
2172.14730866367
1661.90311545294
2381.6244008137
1451.22486265235
2229.19121804073
2097.39542834643
2091.96271477365
1949.96940551937
2088.42006907957
1743.66349427774
1697.81682547925
1883.00939171494
2068.90835278158
2125.40991749564
1795.89085907195
1961.59284294522
2240.62623129513
1921.56843260081
2160.30978024666
1867.03584632969
1977.17339057838
1751.82977403733
2313.96863035514
1890.87361641648
1910.60588833508
1721.21006072158
2130.65546974909
1484.09087973717
1934.82748143982
2023.99208486844
2161.635417499
2752.53846691926
1552.00929267524
2084.43210265303
1718.3389271083
1723.36649026074
2017.99182904158
1876.00847139082
1981.95156130173
2053.4032182095
1627.66379350184
2001.49808108854
2173.0674886668
1810.68149445617
2395.00788206158
2056.09782172789
2234.80558010194
1696.28957638546
2055.84273142899
1650.16753259749
1994.1695448583
2412.5657438169
1629.63148073923
1931.46075842868
2267.22374221788
2024.1332873654
1977.46328421816
1512.40458716707
1889.51628896853
1718.04119814098
1987.02318777307
2003.98183989485
2372.26966351312
1560.29014507306
2108.41131114361
1979.54728667156
1560.31431236752
2211.07557589711
2139.35198625694
1586.98258822367
1904.2385172491
1503.38433682685
2139.56107120418
1899.32587421517
1990.29172223286
1947.23387453994
1479.65654082969
2167.93334458648
1939.79858159637
1581.28031406602
2028.56346338083
2275.6924359226
1862.1584417314
1672.17762616614
1796.74686942865
1810.13440046804
2518.33439819238
2308.37283561038
2199.36842661205
1637.03135254531
1714.26231046004
1998.86364760995
1876.38765912975
2271.82324568318
1620.87390124284
2522.60770301251
1716.14296733603
2154.15007733196
2118.44206479336
2064.43992710775
2026.50150091357
2258.11068950596
2075.47114807784
1976.71776063854
2131.84447370714
2295.55508346655
2086.4961191222
1898.40586826766
1617.67740369314
1861.60743064714
1655.96815136086
1660.54874570332
2529.60870697942
2102.67167906825
1979.01475610149
2015.80991158368
1799.26123351923
1763.36187274387
2108.37686462833
2287.85031639873
2012.5182520377
2007.08606189606
2342.80289096849
2487.94149966662
1909.03819979171
1815.62065058381
2144.32296332292
1943.27119638878
1832.8114847029
1643.0947141807
1965.5348139406
1917.99310805691
2092.39224911485
1883.89510794527
1827.92356470699
1889.45497781958
2212.96965880355
1761.3283105892
1944.88598643433
1546.7278931825
2150.79721808138
2109.06960662181
1898.50443522949
1763.24182131205
1743.77830337632
2112.52304603011
1609.59707794414
2331.49058086532
1911.15415512996
1625.23362370709
2165.44176178994
1877.87920212446
1951.61108180818
2226.71114470293
1459.18199474251
1787.33578472619
1893.67267006533
2169.859702532
2161.06598165561
2600.29303212254
2014.69232140231
2321.22818397124
2075.27718438833
1760.27390951046
2131.90222058802
1968.0079758373
1938.55589587037
1954.49758919575
2262.28864257252
2484.77133497425
2034.94576137508
1921.52077381599
1915.65443692219
2168.8725285932
2393.92539753229
1575.43315768572
1912.08944038893
1477.02918791814
2027.38772411739
2214.18005804541
2305.42861425214
1662.76890591475
2129.93460852742
2076.03248577481
1585.39789284541
1983.78243461123
1734.72371604594
1773.64622300392
1844.62820747859
1888.42096531892
2040.67766708156
2430.1194546209
2237.18453910387
2361.10503641929
1734.53390991546
2055.04168095644
1854.8956598813
1556.56703066281
2478.25954513721
2183.76917735756
2152.51516079355
2048.35343770382
1637.79295757779
1777.82409333454
2354.62471244708
2334.11846368504
1901.82974423243
2085.54230909776
1971.2387679044
1572.53386489981
1698.53184694072
2083.55134380931
1677.46407003711
1814.65464584145
2422.4111482248
2142.9786360703
2388.62070113968
2011.82101464126
1716.02152707077
1809.68620436444
1734.30602003238
1501.13824957806
2533.99668691696
2093.20592277014
2465.32808611489
2265.29203282355
2118.74559135695
2091.10025123832
1991.83451414992
2211.99663809527
2462.77352457126
1796.7847450085
2009.90642675729
2395.25095227062
1755.51845647236
1919.50968469811
2094.25570177985
2462.523826325
2064.29921912774
1965.92213031855
2013.66367439332
1950.40825729785
1963.71585523917
2494.54420244317
2026.65622592514
1618.91873233167
2155.33488776751
1868.23625365804
2237.62900987753
1909.70191218782
1994.60162629967
1691.45763133287
1928.85321597259
1688.07143102287
1667.62863968137
1628.75528188837
2086.23341653856
2015.03251851696
1599.67956412731
2080.23228741763
2584.02168478485
2195.3773843197
2169.92996638769
2020.95168597915
1941.41614373926
1847.90285415868
2088.00143936027
1583.7142532968
2287.24027097007
1851.94590570792
1956.46959109081
2073.75572301543
2390.26480618973
1869.7494434358
2321.52135906062
2015.90936350406
1433.96508739216
2041.0793392359
1922.57568248565
2084.40969297361
2026.09786084734
2270.93580541215
2004.95572969922
2237.40629862386
1974.60040419949
1867.5596203204
1919.21374097215
1858.3353511811
1758.6338406194
1968.0823556635
1823.28504694107
2592.95875116593
1973.29023124926
2216.4249451105
2269.15722031993
2254.65864699136
2292.9605804989
1950.86572970591
2208.79569352407
2015.36959629314
2053.0083595914
1688.43752374668
2076.85698468039
2297.12436023989
2477.24417658289
2671.45262501209
2349.74105656799
2268.49122424507
1771.53704798283
2147.58413531865
2067.56295592483
2122.90509122887
2081.85919583234
1812.87086479086
1466.06814124397
1754.81749917115
1849.81060596725
2051.00611442557
2244.38897584777
1878.41520374217
1840.67690943348
2243.69957826323
2082.37467608267
1724.87278853435
1750.60674622305
1750.38088932719
2010.58714971043
2211.04151776065
1785.3569886026
2061.93619608752
2152.5540941174
2026.46659921294
2175.11680173119
1906.53895295889
1937.21047591868
1895.2528765983
2012.36747846269
1611.26087072575
1840.96521772693
1863.80165815461
2136.20573659129
1575.11395937913
2051.2615048165
1895.11909155485
1888.21421449411
2122.17482637652
1589.24085572034
2270.87171816258
2089.64569369087
2495.52939070623
2611.18814486627
2060.61625288442
2269.98299850948
1947.25237142954
1955.0949995697
2032.83085014341
1705.93466480832
1983.25253577458
1734.82688858653
2147.16412611933
2132.36450983106
1841.83559838285
1720.80434884048
2015.5060641833
2342.22143495758
1878.66016569365
1918.00009691243
1961.36552639797
2127.84088491715
2193.06805659344
2081.79313169562
2022.27134056283
1923.35500650707
2001.34449674909
2307.02299058852
1993.7604230291
2137.6465957429
1999.10653994533
1785.39017014033
2075.20746644833
1764.75178509471
2193.37219918489
1995.96762182677
1917.03396020313
1863.39712874953
2405.92292104069
1515.28006107887
1950.76625364436
1779.79122373202
1624.63085528145
1853.80474889629
2024.95514402229
1990.87578606392
1896.07267632304
1887.04463119067
1577.67817073919
1777.52200368205
2300.1782337279
1634.03870068831
1899.00983543971
1725.86902682954
2118.3211474241
2177.39643568279
1514.75478995055
1852.47835801889
1986.80933371722
1938.4078421039
1952.70431096121
2073.60956767123
1838.09409592538
1668.80202710816
2361.29711090415
1879.01325491221
2268.83540344974
2252.34252379092
2027.16772267954
2074.05357465657
2224.77047055028
1888.70604362485
1835.97332244445
1183.86574198276
2285.13438949296
2311.47294819838
2121.09188339333
1750.74161686433
1696.35295038236
2093.65910518018
2171.06331501365
2022.66793046978
1823.05329310972
1976.71598302831
2132.70752760702
2227.73990503938
2182.50194048807
2418.6973035647
1966.09363298507
2630.2079068449
1565.87958720117
1647.54542616991
2298.43913562012
1965.40346812155
2088.8843821402
2097.93028867921
1722.99947533382
1904.80119588185
1885.09599884683
2096.21349207042
2159.34522644555
2362.22714526147
1998.37564640594
1998.54839355555
2205.34694935762
1899.15969288801
1859.63064602879
2131.01556712246
1853.39805580416
1813.22724599154
2173.10585942483
2156.0860635639
2025.07238183396
2327.58848584556
1921.6072712825
1968.25581429649
2028.14300710527
1407.62410322743
1694.04779466961
1694.58448225445
1996.99981436542
2070.16018822957
1942.37808018461
1963.57784791793
2472.64306892526
1740.48917678526
2069.36178036503
2206.44512565055
1727.37063322736
2296.63327121338
2218.46061846249
1839.7675242914
2096.41186954132
1946.60640502798
2119.45025765239
2426.60019317111
2027.89468061683
1687.56061539636
2142.71832077398
2155.61369558672
2065.25598598041
1884.60772708733
2084.06104122575
1699.83889288336
2429.72156834797
1823.32285381294
2130.38087081259
2048.76151200062
2023.31800763684
2099.56514822952
1752.24602981273
1926.46440919139
1804.76098417196
1848.97615946117
1822.29138300444
1443.29899983304
2255.83267384563
1600.60282203885
2821.27515398834
2073.81719040587
2659.39320816648
1870.22273417424
2302.095149618
1958.09388263584
2063.64149953633
1618.00208539674
2170.48473497767
1865.44677957946
2100.60658268355
1973.53113310929
1716.95238640301
2063.37988172356
1775.45419132769
1965.52724515127
2212.18693282563
1965.28225634046
1898.61824976516
2143.02620855778
2313.11291584399
1867.08135217731
1938.92848401653
1826.17817403547
1962.36918649897
1905.66771254465
1997.15822032914
2158.0046679223
2316.20011368997
2228.32356474218
1827.47884967103
1855.37293363075
1714.09739928624
2218.13593181834
2293.65423267141
1856.68481445906
1997.90134823015
1878.09197363878
1865.46675561233
2347.28914925951
1834.55133951414
2320.88496830792
2272.11998825153
2220.09672741539
2259.43906134782
1739.59288715504
1881.48635652108
2147.3780807403
1858.62368895036
1680.05461611412
1933.54180225438
2842.79891765078
2228.34744778886
1978.33484612182
1844.62557632757
1885.84134552664
1935.39329931918
2044.36506983881
1881.20497831402
1570.06884321761
2115.25658648353
1929.36656488737
1589.54627029723
2301.20724413134
1799.82001946377
2066.10447678992
2160.47592057608
1948.17125485096
1727.9650477508
2168.04229877659
1956.41085074981
1634.42928337136
1886.56800178153
2692.16277420943
2011.38295328898
2267.87702178696
2171.10824582938
2147.25186986773
1951.87972037017
2280.46083956258
2147.72617862945
1798.19309770179
1931.60835995956
1721.2225409973
2070.36531942691
1780.64651955976
1760.10910627846
1637.10781998312
1943.8129700081
1832.51100381995
1738.39337380926
2089.69970675509
2100.93126727095
2063.10359086508
2093.81801087967
2135.64871930846
2062.51339461987
1882.80320789476
2303.23234610879
2212.44204281155
2071.21280036692
1981.11064861679
2055.02133932185
2194.33107457954
2508.40339136415
2262.41158921258
1524.77283850621
2229.98361466872
1863.87743634977
1783.67584486324
1535.18614596324
2143.2036033672
2074.94944556029
1659.83785546526
2159.333954049
2243.28656958039
2193.23547859724
2595.64900673029
1971.44233420971
2462.0734647328
2332.34212931688
2022.62150720505
2081.81761822074
2176.31161644675
2385.22093287511
2070.70083103159
2304.95626375138
1594.07309689436
1809.56554589499
1976.79364887211
1935.13895417442
2041.42443539449
2348.82439554763
1768.82979204846
2045.28858233404
2074.0261601253
2057.2170614471
2085.08135752595
2007.81579953534
2087.92448667511
2106.82784950792
2015.42649202133
1481.86791289643
1984.09642126659
1836.40765399053
1942.0184353972
1808.27341947331
2117.17385671056
2470.83242048663
2132.02468322174
2419.85610464995
1896.65096347877
1758.46135474278
1824.25482698309
2350.15789700806
1993.88478042931
2266.73407483838
1893.14730933547
1841.70193337965
2139.93645405703
2208.2877980267
2055.52987240438
1890.31407642499
1894.30973045505
1685.60709054624
1869.92183149286
2126.17851805005
1533.48737593904
1854.08956320852
1898.58185464279
2039.92784642728
1636.23392190655
2038.84023983484
2054.8313707809
2254.05223359548
1950.70069331649
1771.39583802114
1964.26518776549
2248.91517553143
2381.19934910574
2485.93083818628
1886.19904714453
1831.25631253523
1961.36667601169
1914.13813193062
1972.6240430043
1935.88416252127
2033.48010021431
1983.5075817193
1641.0662306961
1681.52959521852
2060.21437622052
2091.27911388229
1949.39654265502
2465.65626962921
1826.3892393172
2244.70920450437
2247.29006425691
1650.73906040052
1742.37918728909
1876.26925546399
1807.37490441672
1756.31594058945
2235.1533667451
2043.15196873436
2152.37279525034
1805.90314184342
1769.28181275926
1755.87279745074
1813.27140822946
2060.54314237394
1817.71747392838
1791.23099751319
2004.08934775822
2044.01587087043
2055.98448897685
1657.04858138138
1892.38320100519
2232.62427114004
2334.9343941107
1885.74133440539
1872.31101108837
1964.55246118365
2112.87379186491
2049.75648397783
1755.56971107361
2185.19896672581
1791.75345791845
1786.25240504007
1437.33862374274
2827.31341756461
1913.18230669203
1858.75771002119
1805.93131628493
1769.83982106006
1774.10727261989
1976.8262060993
2055.93835120997
2202.48023703028
1935.82480500427
1761.1856289507
2202.42584733736
2034.96659597289
1262.10961239704
1884.79382758214
1562.04211475679
1985.61223501328
1851.69874819086
1880.43554155708
1597.22149577246
1830.41058786182
2059.81052578923
1684.9129664697
2160.30313644143
2033.88824829248
1693.10952293174
2564.76612817624
2399.9693842252
2170.3976997336
2459.61869441469
1951.56960900235
2507.27142770666
1855.31209124578
2037.25819153328
1836.41162368644
2623.09387623807
2067.00670097756
1749.76433899177
1997.06148258204
2093.52996406677
1841.84357317247
1523.47468677832
2097.84421472189
1978.93633228932
2220.56139513507
1687.60551962686
2400.28648685828
2200.8985946428
2030.97218794308
2319.72038772055
1906.99889982813
1712.11214217964
1883.37318933528
1717.89267258578
2287.74888339686
1914.13206930967
1740.50077010165
2066.98388015433
2236.91097025349
2284.27713103254
2423.4633618542
2240.82793944639
1718.18481980149
1779.91213047179
1933.40784768788
2247.40286647006
1974.2792677427
1852.42623594778
1947.29526949113
2151.04904221889
2001.83957024983
1521.22260975715
2398.41069086442
1973.43309658238
2159.59694209243
2072.29526294699
1965.01689291663
2225.48204577764
2586.017714677
1940.85806547012
2379.54114577997
1967.46462607826
2070.94700907786
2147.38212576281
1994.39149151487
2375.42477150604
1662.78241610218
1880.48523909581
2053.6766042082
1893.56081482706
2423.18536374643
2177.32048909826
2048.07352515505
1745.44837014107
2041.90657707627
1848.2478035256
1934.06607698534
2000.68203948397
1733.01796767085
2219.37102095412
1914.09511933403
1862.76815778097
1984.39016523196
1662.24093077551
2519.78865091073
2025.85628518329
2277.9323944825
2069.89874122911
2607.69385385736
2095.37173788061
1882.07843729661
2219.35922690112
1971.21301125051
2355.05916217414
2060.73335149893
2541.51169364194
2114.50961075279
2125.19866694018
1368.50684689758
1998.85077293944
2262.08682057926
2295.90694132351
1971.30049311436
2165.64463596147
2096.90038300859
2676.83683285491
2203.46971748273
1946.29035395436
2116.34708957864
2214.86331661444
1978.96737348368
1926.86085705382
2037.62900158928
2326.17617724357
1796.22693904293
1846.48730503104
1748.44934379533
1835.85330844954
1676.75826009615
2063.22053836641
2156.60970027207
2144.81831867556
1975.53934658196
2078.19551900757
2075.09820093657
1646.52496760724
2250.98777625326
2144.46803374854
1886.46242606194
2253.59259992478
2236.26689458007
1714.30840636661
1983.84883844051
1832.43379583171
1635.67347053963
1813.36982465829
1936.30255058808
1745.53960079783
1496.30420296517
2219.11044337123
1658.23138550753
2218.80073220693
1662.97903536757
2033.50329420632
1756.26969828644
2012.01514888323
1846.27861318342
2237.74217388795
2241.78271053825
1578.2156688706
1887.07467062681
1872.77071670698
2143.91232629873
2386.2018060565
1862.36939299952
2402.00277434461
2199.57457734642
1952.07375150676
1831.21328131142
2391.16969809911
2119.06103967687
1770.53259906107
1876.18002567587
1902.06889066516
2341.36765133365
1845.29526370562
2196.01093197016
1865.12390687608
2295.7440246327
2140.10091705334
2300.33282063127
2015.66872795951
1869.28585665506
1929.26584343866
2037.65405786789
1849.57769659203
1684.10206126511
1933.28482416243
2224.29332057639
1877.83590912111
2046.91748662337
2068.41040590781
1842.0692930015
2001.09588327106
2112.29230141368
2143.58693521946
1912.18287898925
1927.72758008798
2170.06756732935
2218.70446026236
1999.63600981754
1845.95868910694
1811.16701357309
2301.56345048762
1568.03261700298
1993.98997250045
1867.07616225211
1895.444756014
2032.30392214041
1994.47036175846
2000.14592087816
2154.86541218367
2254.28600428606
1622.33217010891
1855.12585420167
2283.99822126063
2008.53989155689
2116.36391265957
1720.75161951785
1890.33383016595
2406.57456314489
2179.22935877211
2272.45311872201
2020.6223160098
2255.57115572447
2235.21983394646
1823.53290785971
2000.21014579267
1965.83364345491
1892.68309930541
2074.82930188071
1936.81943750637
1821.55335117804
1899.93735053904
1861.67434328115
1573.18512555127
1882.7603851516
2003.07720143303
1514.68915895825
1922.07352980884
2146.54053175324
2592.49091891912
2423.63861085245
1987.11540464774
1904.40887909745
1354.32706471323
1974.43343968193
1676.24331989987
1753.27951559286
2137.76097266115
1661.12649085089
2036.78884031362
1637.47838001558
2089.14950723495
2238.30343801367
2244.2878321446
1910.6340343606
1957.64173711795
2362.12269789135
1833.46629467985
1854.9399629862
1980.79939097638
1635.26787482229
2028.57211069178
2092.73160499811
1945.00819371538
2157.63475735525
2083.51957369207
2270.07912708782
1897.27139821037
2099.24349140821
1870.39228963631
1817.13320005789
1705.70411952563
2235.78050364393
2123.67066094442
1942.76713993837
1880.28342065814
1952.97282277438
1790.4313692088
2260.44422404136
1952.54396098778
1950.01928958144
1836.81902378806
1777.02055999633
1963.50144129636
2222.47063747158
2524.72859251745
2115.30073639016
1914.01862320606
2298.66064656034
2524.89012141182
2194.9283784984
2027.98436188606
1992.76883292092
2188.5197566131
2029.01212054995
1744.90801099335
2010.45230384663
1830.01590035598
2310.0958273004
1836.49062190531
1904.78003636561
1852.20632893251
1662.61383843777
1645.07313891802
1768.75298455933
1980.62915115038
1717.43864100158
2037.4244957331
2256.37239187634
1792.67701004674
2225.04014564625
1558.02200863342
2404.10148068811
2022.0953273308
1859.71451617613
1956.2907955818
2079.52302745631
1281.57734359649
1914.67936739521
1830.48884931917
1960.58437806365
1867.24652696402
2162.69897287154
2213.57463104848
1910.52201566431
1733.99914425617
2332.41916354712
2265.3438735877
1654.13329250281
2097.57475473815
1648.48492349306
1572.02329415053
1967.98206134453
2146.93433248888
2190.91864907051
1952.71921634011
1868.66494479227
1569.99230529244
1921.2463191111
1699.76218585429
2117.60244001496
2154.52393424254
1890.85242444587
1782.54590192218
2084.8330980648
2184.40129966829
1720.41197774016
2123.34232534498
1753.99494424086
2294.13183557756
2024.2679944152
2015.36352688251
1990.26029118152
1868.58671206974
1691.94315035595
2171.62621062227
1651.20927028721
2022.83213871246
2356.16982047002
2010.96348696624
2158.06122252316
2000.7401584901
2033.30689879978
2089.08459395885
2071.82934528893
1983.847646222
1870.11840332078
1692.93184380392
2152.87648525518
2402.31878376958
1998.87470894337
1509.59820180839
2199.2930027888
1760.60635437866
1967.70937804687
2112.8667395761
2047.13531326282
2286.17179841748
1987.58206243792
2109.83587202999
2137.59792689689
2034.02238777852
1993.92258400194
2009.21114631169
2189.11238355817
1813.87675162259
1923.48585623924
2359.28898814981
1790.39082644675
1530.67518242775
1907.65116602699
1808.67467661119
2113.78729788597
2237.04052203543
2293.48710466043
2058.50938162775
1840.82949750497
1990.31103107704
1316.78449210805
2405.41793667668
1893.66475615194
2277.00021500174
2061.18001249304
1946.83672875068
2572.1086658799
1911.86290495174
1925.51144003215
1781.62105460608
2491.4657212081
1891.07106689406
1937.96007563734
2076.844906168
1637.73333809304
1847.06571882906
2102.72451908072
2321.32057400015
1836.33402184209
1893.89940643171
1968.87199404559
2315.9888542992
2202.23014491783
1796.93179942594
1109.28389522881
2502.81974760752
2212.38657163226
2439.55253307293
2151.36904051443
2080.23090770075
2046.16939622283
1877.62877857227
1674.5911527638
1875.27439629272
2006.38243242274
1882.44350997848
1861.00318639109
2223.23600934106
2181.97807476013
2572.73985267135
2233.25512751118
1973.18842310685
1550.41063626102
2067.48008277569
2055.83584016238
1969.27789493417
2017.42730352927
1751.26661927084
2177.6196459029
1950.58960868576
1745.61776762031
1914.63280550106
2302.69431617952
2155.59347314351
1811.03616473268
1446.31485445913
1946.93508128331
2312.68794682607
2151.133272391
1405.0366247441
1628.03303118136
2099.02529007569
1440.00102791459
2246.92305069066
1519.75852401192
1785.16068429481
2102.28382996388
1853.12912641317
2176.10758431943
1628.97875279406
1790.32688294377
2122.54303263612
2042.49162097283
1961.6646356933
1622.08720790616
1986.58632587882
1728.44014506004
1816.09901380038
1886.95447832496
2057.30707397838
1731.32838379837
2012.28107295703
2034.09794872934
1966.81172698708
1885.44560925643
1929.63527842553
1755.30272941144
2049.07503467506
2048.65266177709
1521.59264135686
1985.59701736796
1813.8041505848
1784.75996810465
1671.49539160282
1774.96107061667
1818.48029139803
1679.67704060523
1805.09888254875
1815.77412608073
2248.58836012719
1962.22991195543
1751.59382040136
2286.33538522019
1961.39920481224
1776.78477194019
2034.40472435791
1865.36242365199
2765.00447001789
1864.45385343475
1832.92596935725
2161.79420447041
2002.67262358867
2193.86061780434
1995.92702386403
2177.44291380376
1530.1414539933
2097.25683807971
2310.74044620543
2421.12006100232
1837.70443560058
2132.49379397135
2091.09458253243
1914.64707965438
2520.51129978929
2115.37351186906
1920.3585521456
2431.58915991906
2137.3224749829
2044.9332893965
1798.61601837636
1774.55283022396
1783.49260672565
2344.1198164595
2181.69752639237
1589.6077304745
2095.92300127455
1660.7195879296
1718.35800630599
1953.13832305272
1748.42150571733
1980.90326247362
1955.2508065435
2097.36136449936
2357.54992010118
1760.99823308254
2323.83607975995
2158.96759301402
1733.82120962557
1833.56582534119
1885.62662045655
2407.4437877255
2115.15996744581
2360.13201849551
2022.43366418295
1804.46421438425
1715.48105711376
2335.37024431473
1840.66763731889
1408.40358406764
1908.61598230914
2012.66441267034
1736.29745340004
1863.79097731252
2120.29083295377
1963.74163745792
2075.73745544101
2186.52124057908
2202.57554793282
2029.44358793101
2005.49125405891
1751.728009708
1978.86864046
1669.14816365016
2065.1485161129
1947.37195591212
2260.93674998867
1717.71803193646
1837.61688045169
1773.45186032724
1591.45234806535
2174.15878775549
1619.77721850677
1961.74671240794
1934.35545379204
2126.43366683695
2534.36528392441
1851.36643415142
1891.44326862024
1966.12773096371
1843.01323457095
2308.76590827161
2038.44456663478
1806.88456108175
2214.99051376475
1769.65820901258
1768.59679727623
2032.86881306348
1850.67915287651
1851.23064779389
2119.21334062896
2264.84209422026
1884.62350038335
1756.82841348525
2158.32956710631
2158.63016632295
2222.39312802204
1775.9180633533
1796.78396645881
2063.52017497139
2358.6404842603
1814.36653334212
2108.89507625877
1841.77804077592
1930.19475970719
1701.46313428716
2167.25088776138
1848.9011310687
2237.68374016068
2170.67849709457
2026.04651660879
1841.94396777772
1793.92768997448
1960.27321008434
1678.29169070456
1918.04176867965
2449.60380835171
2036.44752603615
1951.65234982325
1879.65151439636
1970.63423207777
1906.19380167482
2503.85883165653
2093.9080058811
1763.90917655274
1921.55103089898
1772.66632430165
1936.90478110045
1170.04144400644
1706.11358599298
1844.67017097059
1976.85395773607
1653.62210199614
2269.07195902302
2125.21437201427
1596.22812960151
2148.7416422198
2389.28649036314
1840.04421936725
2229.92822716839
2173.24980418861
1749.2037842936
1782.61071438729
2166.27419743343
1579.50921071003
1959.71909999052
1998.04929121854
1722.25747772495
2071.57146060423
2078.79423260012
2039.04762766543
2204.81258111985
1701.71692449639
2017.84300635418
1988.94680029254
2421.15027546889
1851.87904948005
2163.86348535979
2142.52395214051
2209.91648608941
1820.3557753462
1903.64322087667
2084.89973892282
2144.63592763864
1887.05194715573
1620.40153107293
1874.02455785907
1659.09137434827
2317.5632497869
2211.19222920902
2043.456035156
1735.31412740684
1846.73216949634
1960.389337466
2047.46002369402
1450.73809156864
2159.62763043364
1813.071723339
1881.81936022325
1545.73830095288
1977.48407955259
1640.20584330141
2176.44232017428
2014.72244694887
1734.1066759344
1767.03071773552
1385.90965767063
2045.61747905263
2163.0471984945
1701.61700247999
1619.14877769529
2065.83655106465
2167.34367124071
2285.54240333138
1400.97509903711
1771.5027105326
2003.34169938042
2119.55036679229
2205.63348434235
2181.70587471772
1593.41608964884
2211.54691184291
1907.09053269815
1466.24781341249
1627.06774808393
2270.42378552371
1707.35752404259
1891.21099030548
2223.19958212779
1809.34668929046
1980.94850656752
2077.5496799966
1595.29600397277
1742.03518376732
1789.51937902344
2009.89044854802
2428.30690309441
2026.41435252459
1708.32505816555
2281.76567150268
1692.76906140933
1847.95257819186
2148.3845288848
1499.10798429803
2084.61379121643
1677.47682144296
1955.34715919206
2214.57821557156
2014.73534053293
2164.806434433
1927.2844991412
2178.10870718826
2214.37375445908
2358.3650851361
1796.58186159669
2032.74156218666
2320.41817677023
1999.45303749925
1865.96632876243
2088.54629650864
2402.04024477371
1677.19154003034
2393.05700197216
1534.13669744871
2140.1299456524
1914.74889596549
2071.41379797917
1917.86041320721
2018.1480277012
2158.45094254315
2176.75230771276
2388.15601824367
1918.98335143446
1874.6994115013
2248.42749768375
2184.2659981171
2077.80900077241
2025.42103870834
1926.89683772301
2000.22803333867
2100.82143505373
1966.70393665726
2037.47618453507
1816.24466938794
2114.19980632102
1845.81182668602
1788.54975299874
2092.18942126212
1860.09535121659
2012.75998660713
1897.83722923112
2028.97728343201
1798.29336059207
2187.84462413565
1906.85744630928
1833.85001092638
1365.36495021819
1936.61296895247
1924.60864184557
1789.35439841791
1873.20810588404
2156.57871391218
1922.3648848139
2162.5378278391
2121.23439108803
1981.22342714529
2356.92140688002
2269.06487812852
1798.79825474978
1589.67742243748
1936.43129387755
1778.17275590732
2156.43545897402
1642.44277988985
1856.96670575155
1968.14733881282
1934.40857387923
2361.73073540615
1909.48716641143
1801.43252319257
2011.08209481282
2293.50440066814
2143.76029018529
1994.77661769474
2045.12467846355
1800.98483846478
1888.85695381824
1831.15488988132
2388.84822334299
1773.65550638763
1995.50706087552
1507.46159620184
1681.89353664143
1964.44629475679
2024.14340513763
2253.67472078642
1904.68758910554
2177.97705251467
1964.9869294306
1565.18181592057
1873.77502644989
2389.93769891177
1822.72074976459
1898.91641405558
1945.88084305149
2033.40189877542
2060.62304614398
1772.54112691762
2014.49164986602
1812.56423424027
2286.26203673119
1886.58372440757
2129.54422142275
1633.32584612143
2215.42451683192
1749.17461409862
2107.42216505275
1965.96288809595
2297.62436782394
1748.88556369026
1749.18267108436
2129.17375122042
1756.60266081216
1977.86143465783
1776.01129563973
1919.02066536235
2252.62973865834
2105.68276976892
1785.55535277966
1799.01404792206
1919.78002237263
1765.56166559658
1999.0836040468
1799.81237294755
2319.40537584064
1531.6600477688
1986.32855886275
1870.41227980446
1620.53687373886
2052.6053487001
1951.84034893372
2108.6943204532
1829.37153729828
1751.59911879863
2284.04279216578
2074.31716926493
1868.10191536905
1897.32080600819
2031.67854363422
2439.36845247887
2096.39547775363
2139.56872424636
1776.71907981007
2001.54433347605
1909.35504068494
1633.34089300453
1891.64185452181
1831.1138057223
1801.71540702249
2108.47275781601
2301.38384636909
2035.50569617606
2049.56138337007
1980.03862493175
2205.31872946707
1978.74700461639
2416.35495071373
1565.4514564071
1841.6189406829
2352.67288630488
1891.62162814094
1969.11268973116
1989.143583894
2375.02714976536
2290.62128870913
2181.28735784423
1711.24614822897
2049.15330706541
2328.60293698623
2209.24952868946
1692.88271527294
2136.89694261998
2115.69984620962
1937.74336529456
2059.12631368726
1848.49097192439
2074.48983761406
2253.96176324489
2109.05584201809
1783.99787411083
1732.93308802704
2014.89913045562
2371.0116941199
2000.45979582696
1955.55845443788
1797.870215001
1801.67025737316
1793.65885378507
1810.40985056912
1817.13192488149
1676.235111724
1900.99677628311
1949.42117808901
2171.99665126248
1981.26970607522
1748.03443078731
1823.67141300006
2093.23781339911
2022.38233321162
1754.14015602913
2222.75652656922
1677.80046396554
2405.73061004177
2412.64198825894
2079.23891881715
1760.24343745356
2269.55086452061
1990.15845579876
1602.29908390188
1919.03865990861
2176.75992835812
2448.64501431807
2083.74797612937
2214.00540335371
1899.37166949155
2045.81301706296
2406.52200354945
1959.11479627974
2273.34970125233
1912.85422966405
1818.75024066139
1437.0090024198
2161.93126749285
1515.68064888431
1961.27720963932
1817.74829016099
1810.96617823354
1845.29314600875
1999.05922903813
1844.6405557068
2560.67429885191
2053.40571071825
1945.70869838159
1941.95659690194
2167.65116661796
1848.47160523949
2124.77859723841
2196.56114162381
1995.04329259641
2149.87385283213
2223.53038737965
2196.38622342141
1704.76879947499
1800.57414853047
2023.26793242641
1920.22137403612
2051.34868327358
1144.78498600141
1643.16372579969
1746.58357590687
1829.12308082994
1600.59695507101
2172.74551559021
2097.59694165477
2174.30673490814
1986.96593045507
2087.48668191855
2118.49769220665
1681.74600966017
2100.18391618708
1862.91187003248
2099.2325886475
2307.02972621589
2070.33537632277
2275.7486288537
2019.97617186367
2495.18165177468
2050.10926843814
1790.5324641358
2448.78016580636
1775.39072576664
2076.25910121205
1691.0825835641
1755.06323624806
2064.29282250357
1921.40020931318
2438.53533065783
1990.67022591111
1784.57814562947
1801.77588246433
2114.6099202439
2365.48594539099
1921.16170596791
2114.44309800294
1785.51278109889
2155.0790906254
2035.93244885063
2056.54355489378
2328.50501911671
1968.39880001059
1589.05474220844
2383.60795845885
1750.8407182198
1941.14127572683
2061.88079678373
1888.23983897985
1950.70876523104
1966.11620689703
2519.07590745747
2057.13811807716
2271.80004274243
1509.1737520689
1960.64550203334
2072.7037566795
1942.97087711734
2261.28159173703
2312.58440230967
1804.42439394044
2499.64957046779
2383.43218313567
2078.06321463403
1933.54133407606
2438.17203768928
2079.81630068052
1875.28757596817
1764.44340140684
1820.28691667309
1705.74753770083
1977.36442228234
1872.93642674382
2286.91219761592
2489.82324356789
1890.32408524582
2472.81940406625
1961.41399577772
2343.05963109068
2136.03602040551
2040.58339583151
2203.21161439201
1834.77501627947
2100.28092234911
2297.00680947951
2087.55077336314
1842.04708253803
2082.85052201046
1824.88208130225
2113.52402939268
2138.18636056867
1462.10750304664
1788.05199166333
1791.97341859985
2440.74153033776
1989.09324227136
2372.68036932403
1843.33502128705
1861.14909211725
1934.81729371776
1829.63637353198
2054.48118148943
2281.70719880394
1786.10037847928
1812.19025094114
1845.54541870541
2311.15490450922
2237.99210042794
1853.70101290103
1830.18509053127
2148.1507107587
2469.74736248191
1871.38504701004
1492.43692469781
2064.84861605673
2188.19478431507
1882.91459569575
1861.15801143956
1768.72451719418
1887.41258832315
1834.57620267795
2148.41749846271
2066.75717987553
1809.32394671691
1820.68154697488
1869.76961639688
1930.12947618668
2097.51603317597
1746.28794629301
2270.24693253534
2127.84106332853
1909.95930279673
2447.6099967022
2088.77600549252
1848.71479141079
1987.38083000358
2217.2795503539
1920.66304554749
1686.34440051081
1791.0295149931
1961.69109223849
1857.30013741192
1983.09811218924
2227.36752033507
1659.15105595845
2439.74589843525
1730.53809470652
1946.15585948496
1950.34416129987
2163.41110544781
1811.73604617124
2109.33638112599
2343.48942669159
2237.6955434559
2240.25724185303
1857.92728254381
1948.59125383689
1750.19321889025
2373.52110335391
1872.41091263175
1829.31977223073
2033.74126614767
1953.57045238347
2120.15752303356
2183.28882347098
1607.36146990966
1782.40933424187
1746.82267297976
2023.18193347398
2178.97940633411
1963.95510745301
2244.12352244418
2416.89167686748
2251.23677507693
2373.78968081506
2170.20824280372
1698.73573079798
1597.92711798491
1911.38844102229
1853.29346159452
1616.87218634853
2139.0033207267
1921.00240126947
2288.80394174231
2212.50934929578
1715.70128055026
2218.70222561381
2187.0857768096
2176.31060989043
1888.1962383151
1778.07955559049
2151.14929578031
1904.32604681295
2326.44808242726
2227.16778983289
1936.87498053171
1838.5756567414
2198.7015581541
1898.05534227165
2181.93380969085
2130.14254307485
2655.85913673629
1731.7645206823
1944.16473489101
2152.53142730407
2076.41672527657
2081.83233124575
2247.85666416157
1549.38732482311
1953.50003058811
1788.72761596455
2039.62050282069
1917.9178029745
2477.97999504071
2141.36540373677
2074.4278555183
1398.48309981078
2083.8134743816
1681.31588266457
1573.49238344165
1607.65871931398
1884.78412492661
2121.13430673855
2182.58736781741
1871.81478113985
1866.64295284117
1905.06067993734
2135.10260056592
1884.1137741198
1982.20995778428
1775.62951115015
2333.21513726036
2170.88721291353
1921.8209074486
1903.24900989505
1917.61660305947
2195.84520025391
2310.73114879761
2084.02578932352
2100.47214830373
2203.50806050601
2301.18968767096
2206.19862780365
2071.88008080077
1801.80205308225
2282.34622141885
2053.01356819574
1553.49676000736
1482.0442228527
2596.81307427212
1984.33869242472
1988.34431741058
1775.51310459915
1953.05550520566
2375.00315709026
1963.64386643461
2078.8439291597
2309.55890967451
1749.48873893847
1891.86833482041
2405.96681820511
1779.66617772494
2312.38483913737
2029.7165018721
2002.17225678622
1871.12113608323
2176.30348051179
1900.65644884553
1964.10057694666
1911.88428324142
2262.31523569071
1855.79079034142
2440.58865871873
2090.76213761318
2186.54435296765
2149.40526793021
1620.51542922036
2083.03907753452
2066.84718647342
1977.43745832835
2253.68555620911
2289.52249970328
1994.60425146037
2069.56240244449
1800.37687088681
632.535622463317
2071.24735764282
1844.83430661187
2145.96990391835
1713.88206025942
2273.05975036116
2011.17335146031
1760.09625820975
1890.12034656763
2267.8206964175
1491.63188434633
1997.03779147674
1814.70809227573
2215.69745284772
2155.34462303464
2054.59224417849
2018.99512464268
1917.73821994816
1594.10803264206
2260.14138090893
1598.91138719187
2173.37367229395
2223.25374687401
2175.81926789
1865.33120124036
1795.07368464436
1776.09861340046
1833.49124390709
1825.23647906933
1883.24935539221
2156.93803403939
2030.42967901082
2159.42590337455
2105.03559623569
2072.13587855601
2267.116683734
2151.42223203057
1944.13416616001
1979.68423699694
2376.0296924786
1587.39580479034
1805.35905750324
2023.8367086123
1805.21176494146
2205.74177383122
2304.31356247925
2156.71496636393
2373.80841642047
2021.8610012909
1905.17660840322
2094.64978652671
1989.71640197275
2207.49135689807
2143.07761844081
1739.83028578947
1967.02886659302
1895.2338823039
2350.79896263313
1841.36531968162
2084.73440214323
1846.29654920532
1928.18601570575
2312.16746160553
1705.74541935278
2038.64486866331
2052.60028395984
2444.25414553825
1834.09982543762
2330.03999426211
2377.06233796781
1786.66085063447
1915.25252134544
2080.2803702514
1927.86890909914
1602.89260458344
2082.28365118054
1830.14966843837
2089.54902685591
1731.58247724212
2385.92193834166
1972.29062699391
2138.93325951798
2332.40380992761
1433.94157227885
2527.15472427869
1405.67099707671
1774.09831495148
2105.75110973049
1766.79203486082
2024.24944529984
2148.46932591395
2412.15283308184
1789.917891557
1881.22653750744
2094.58188087157
2524.90925963669
2133.01081045668
1660.88886059379
1855.13802211084
2248.1655790773
1990.46641092997
1778.03391668898
1862.78663938411
1367.15218320751
2117.68181971831
1850.36374859257
1934.58958723336
2026.57926285736
1934.75557475939
1743.67928650537
1910.18036765849
1666.13106386795
2167.04014183495
1856.85201751263
2042.91351016896
2177.28259224124
2286.30453861953
1696.33065399068
1857.15540116582
2093.02980715496
1840.46015106992
2226.11447363906
2485.95363845241
1907.89525434899
1994.97462188613
1915.02031056055
2056.98735120148
2316.66002241884
1959.52012350214
2195.67894033755
1866.98062921163
1976.97241114699
1946.68805498245
2459.57090579352
1820.36498174862
2175.90795136716
1847.31985767156
2013.48273095316
2129.23170475462
1942.44673511445
1772.7259129072
1795.26429446884
2334.52307582264
1738.08849684385
2236.84259557061
1516.94508512701
2149.04639563211
1768.87485151368
2236.36163196694
2427.54977697502
1421.41770982205
1960.31212137761
2326.53960728827
2244.59127474283
1618.88831307941
1853.21117497059
2052.4194673523
1986.6899388914
2061.59920855383
2088.01961728779
2324.48990800222
2085.59621302963
2329.41110975172
1841.02729523557
2188.54547086846
2183.26331394556
1723.11617879151
2345.88399976793
2057.89252968316
1862.33398703961
2233.37087109889
2058.33286438436
1981.95485807164
2247.00020412299
2039.56938874466
1939.9742132921
1850.54594142459
2194.72189772976
1982.50327810902
2213.79011267372
1984.14350364175
2088.97939112653
1895.10144245562
2198.82353570265
1820.13381393707
2021.14298820449
1888.74342255413
1533.14452976284
2032.14141079188
2201.37115472924
2224.05106357835
1894.12868859119
2160.87570316844
2481.04369323793
1902.75432949969
1788.56378360915
2169.95914374763
1813.22242526872
2169.11465754881
1754.05648233941
1819.53601838926
2213.63632605544
2074.68734885368
1784.7698301
1830.36093072477
1681.70905381308
2366.63486847756
2323.59467996422
1885.6177233687
1998.82439209394
2248.1820334087
1985.89182440401
1424.72250409305
2057.81146021196
1985.08912046459
1802.59839858813
1361.10899232925
2131.80820708892
2095.1437891492
1791.42369111992
2388.37163861804
2260.50244325267
1842.12603727906
1900.61898883018
2230.96798318034
2020.7105997837
2212.87380361208
1536.31725226411
1888.46411776417
2290.43913062009
2476.13663413419
1878.0732773497
1623.72486105426
2055.71954844062
2102.41348962104
2091.08155665389
2026.78217796179
1722.85801768996
2431.44905545289
1981.67483363564
2162.18486739582
1794.1386259906
2088.89086947526
2046.65610646673
1835.42689374724
1674.93729049134
2028.08087739295
2141.98041476881
2126.06212381834
1476.45323452869
1346.92341314796
2215.32301544616
2353.75977525924
1847.62240006678
1700.82377149873
1724.08856816318
2229.48118549341
2049.20048703192
2059.68281651984
1880.00666547818
1627.01517764887
1924.14121412001
1697.74511681595
2029.56157030526
1855.78901647761
2163.31416953542
1840.08990810619
1553.33520134204
1753.259815262
2093.10944193672
1809.11314046698
2422.96041110466
2099.98339957745
2497.48366937132
2129.61593160825
2103.29876451825
2042.90367026733
2446.63751963891
2042.24004501428
2297.41612917952
2044.20457747149
2128.0387791005
2111.9482144235
2014.68429288907
2064.75096441012
1785.4812224329
1890.735006213
1823.935252205
1440.65606840427
1926.09959573912
1620.62198968486
2445.16465181883
2298.23417073014
1791.80060510824
2049.46550469127
1956.93430805945
1772.74138184684
1901.69829069395
2491.07596099216
1659.27533242553
2032.30817099081
1674.8603351912
2093.96023265726
2392.93986037485
2129.32641579596
2162.49431802904
1550.89223846929
1933.58747377609
2046.43333890458
1982.36162188064
1650.99356892357
1963.77016364534
1914.49695692497
2194.81651846217
1778.52510270648
2062.06943016246
2204.56802592791
2065.48538639124
1960.76059107688
1690.92889582581
1822.83293269036
1974.10556271811
1846.82386226693
2320.77146104146
1755.10785093198
1920.28476633607
1998.50336036872
2104.80670616998
1839.66014438847
2100.57548306149
2035.51698983159
1775.86758285353
2421.36851178463
1852.92278446377
1451.79661417938
2054.40913456868
1936.39971071802
1891.11414620412
1952.22043535418
2586.78647731751
2274.50423209801
2100.82275675044
1833.6299393338
2883.26117089238
1972.08587318216
1707.17778769059
1808.75958185924
1753.46410110376
2629.75664298692
2143.28187314007
2140.45252252639
1738.84640911055
1411.77158396017
2323.44567030433
1868.92375490592
1920.40921915373
1718.38466443491
1940.39078766836
2148.20601355737
2157.46331632047
1858.90596002609
1781.49382915986
2182.38469305509
2183.42421630779
2061.29616680536
2157.35557177639
2291.22660234029
1987.22456627156
1130.92163855556
1969.05757291651
2206.67823260452
1891.42271757004
2498.2310630233
1945.61467906927
1986.61814461408
2014.87289523874
2202.44284033427
2024.02367334317
1948.73250672883
1823.89702850509
2040.30595261519
2662.11815724203
1651.09949454057
1709.29678771749
1809.25721769056
1898.20605093393
2246.03823827517
1823.50043123018
1683.76494772723
2040.90370245973
2004.36138934506
1853.00208976609
2469.15313009162
2053.9582420288
2331.29076332473
1735.95207161068
1493.52544130202
1715.95345035724
1970.08112575721
1789.41451559426
1870.71460119018
2025.08265290873
1782.04454480126
2243.04295577254
1990.44107773907
2040.04384825437
2392.39286653789
2001.18712219656
2218.2444954376
1891.35284644067
1459.78945343711
1952.260116715
2195.93151231722
2262.49535364132
1738.33943770412
1856.73353159122
2019.46457067088
1407.39943243874
2094.85144327452
1976.3801753883
2426.80874029394
1522.94424256878
1805.474935404
1788.0794335778
2175.4854774486
2040.82971469233
2103.88375241214
2190.41379919973
1956.83995195746
1635.37852753259
2220.09288113743
2488.2174449366
2083.45890647098
1897.76012553308
1928.75705151714
1645.20970868695
1576.37574828405
1919.20627010726
1759.51088769533
1843.63180221501
2112.46493107048
1802.13002115101
1799.4987979829
1780.80624588957
1629.50108558468
1824.02912864514
2001.36999438487
2429.23788107115
2285.47442614683
2032.1160828488
2029.727996667
2137.93742582199
1963.1628124826
2231.70728529987
1616.89893415745
1714.75998507119
1898.16583394125
1910.20789629166
1682.46905416947
1701.72390125872
1734.24784030067
1831.88219445992
2252.52686728684
1782.11544306079
2139.89167558629
2107.14448857406
1932.32844432467
1932.99557569868
1742.88893009951
2087.66598797039
2067.18100758913
2143.93372247179
1945.27216106956
2065.07527241936
1768.9496116367
2207.49075916061
1923.94360081584
2596.20940689016
2223.22616413671
1810.49567308593
2182.80555709727
2442.77812894217
1749.6907293836
2261.97202161123
2037.21925314177
2345.39209224043
2256.37998852576
1939.95980498919
2208.71390980927
1811.50621930852
2121.58766767563
2128.11707089098
2251.3767587207
1853.59636439475
1590.62281314866
2140.36641640429
1958.31390378176
1924.90035141523
2038.04485331587
1673.59606722904
2368.58971124132
2122.94003612613
2004.42406263393
2420.51404980172
2017.29439401928
2078.74161686699
1808.89496799994
2159.37528234551
1989.14583652756
1618.60247259614
2399.2201782652
1948.11696664875
1688.56834446532
1625.36825895281
2044.03954780441
1537.96660293962
2068.28047787043
2452.43486513873
2037.74468293895
2075.72639354515
2146.44768602131
1571.02817561733
2351.61856602487
1856.76488487738
1966.59664680536
2136.03543205303
2276.16099642191
2098.4316239114
2058.9988050995
2172.02375311742
1966.49902854106
2029.24947079129
2132.64311303869
2021.84132030673
2007.41792048717
2438.51111331305
1687.79856818453
2452.18170010585
2026.82956699837
2262.96292916575
2292.26345320204
1982.05618206401
1954.24913720256
2348.15702505455
2272.98753223741
1772.81475539167
1985.5594276553
1859.57452255237
2062.12825725938
2261.0015795724
2062.69968954374
2129.06665034605
2175.99103590461
2115.13649117908
1871.88471212283
1823.53860399786
2117.78020803902
2297.69725988711
2464.05684943672
1812.96539988377
1914.71531320656
2329.25175857205
2206.93826088605
2303.55372956748
2498.84080003514
2019.65397454844
1682.22329146797
1664.86951114648
2018.68526115829
3252.35742220559
2280.86062630175
2363.18333705951
1789.68631923827
1913.06371172111
2212.58542060634
2059.34255111263
2032.83552120758
1509.13818331578
1828.04037983573
1599.71818424055
1896.68014528253
2212.42778297493
2068.16273974903
1750.59842974746
1923.29336432191
2047.96688578048
2047.2762193502
1931.56592983724
1836.17964751484
2215.20588548016
2328.64624157751
1905.28402210898
2199.35873240485
2268.12970484304
2555.21945857979
1827.5859161652
2166.79483251447
1941.11529554492
2229.14732834129
1703.01423715253
2305.63940347073
1822.20198111902
1873.86652205165
2115.91787435077
1921.07899087108
1874.01061475615
2271.69222443241
2050.39220551971
2171.3539635191
1786.6017324082
2134.5023496705
2143.8872091918
2337.46442190358
2083.3939484687
2268.47242667172
1912.80916674268
1767.38041082006
2147.60170189469
2826.42232087834
2383.46315225168
1990.00639469107
1389.65125764393
2136.62922263019
1969.86867990823
1923.11429383214
1727.88029406031
2034.37505370094
2079.57747409059
2092.62992446876
2096.52775812916
1766.54427598138
2025.4707404276
1893.35789525061
2181.72974723562
2242.796000015
1687.04547172085
1886.16291003589
2394.48809017877
2392.28179942713
1809.46435644935
2171.40759931368
2057.40238817769
1851.16802676416
1755.80162079925
1928.35577268891
1952.64539318145
2148.04091991477
2021.73369386727
2098.69857029199
2182.19096685745
2391.47616443472
2091.86326245358
2032.23374868236
2027.98032945937
2479.26178048477
2026.51322618739
2010.22597558561
1924.04503365678
2001.1085546433
1548.9964451072
1904.02787821425
1861.24333391451
1962.61037068598
2102.15424796404
1809.02774666658
1897.31359291669
2051.91746897086
2055.51124792749
1878.30790071139
2296.26101880266
2311.59200007625
2463.73957396463
1805.45368676744
2002.08830125521
1628.4733380103
1924.76520568647
1686.47614484188
2227.20762765898
2072.42533153549
2122.71475771744
2186.74093327586
2038.15838132434
2059.16437749016
2166.40068889588
2096.73626523485
2020.31845949764
1883.28375751585
1793.07867140744
2157.80980225019
1955.69980997913
2098.29404438609
2201.13066465982
2057.71002924293
1933.60453903463
1901.8917236478
1938.5648137848
2267.75996863602
1907.84601911657
1934.35293256803
2049.93104348055
2002.42890246333
1643.36120661788
1599.99711303711
1952.33400840289
1457.35024284918
1854.3019239489
2471.41251012555
2047.73663451287
2202.52097722064
2067.24913628023
1745.15728864769
2156.77728976139
2023.77427998602
1959.97645212385
1972.64510422529
2344.89261979368
2194.26857229623
1623.42639217921
1566.85435685836
1864.9952094274
1879.57321344618
2106.92971651579
2262.88414196296
1959.48117770653
1923.13415624187
1997.85003228246
2263.32160978959
2058.93426296049
1309.10158772857
1681.95443305745
1661.91441334002
1755.55357404704
2274.35802340768
1698.38172125272
1404.71901717033
2466.63083771711
2025.89133111613
1832.06238097965
1801.08174905641
2003.73396722859
2247.8525650526
1317.41965825716
1871.01996128396
2487.76543967317
2149.04105905251
2032.35966563767
1907.81342806823
1711.18252831109
1957.23543365407
2201.32891615307
2369.21423713319
2376.33608091265
2002.22555677079
2249.46186890109
2311.19846615527
1848.82394093245
2245.20867893175
2112.32467504156
2116.29286380882
2081.32244838998
2006.79216104616
1762.16562789817
1811.62509155425
2085.03436772722
1760.52269394834
2196.71720188672
1705.65872535486
1474.45458559392
1959.40964344992
2077.10348535667
1847.92495763639
1764.18166558003
1909.21149535715
1916.11689477717
2205.7304726561
2209.65504899403
2342.70048034139
1514.55604607891
2415.00901749775
2068.67628067939
2247.07998828287
2126.01385948488
1960.58792808571
1812.65071690435
2222.35780312107
1854.96403798669
1833.66477093349
1763.38602599203
1928.46493365532
1670.35418031225
2329.84184971428
1905.08552613966
2290.63944876833
2093.92652417918
1828.83916139915
2031.57407956333
2148.16647191682
1603.49339038725
2044.27143506585
2000.01349019167
1896.03107556824
2017.30398209207
1925.35079125689
1839.90939070795
1685.20453669987
2169.80582656973
2043.51577569189
2039.06846680661
2131.17479049517
2505.86203004663
2179.0659020507
1907.8871253015
1934.91025924508
2197.67889550321
2139.72126329962
1755.63190729467
1825.15178870223
1792.03741012974
2065.85173286541
2235.07899320098
1549.54438466175
2075.12371863038
1925.57958351534
2199.0137311436
1980.37087386078
1863.03685834677
2344.25251885777
2232.41248602089
1765.54366091236
1851.21414172176
2151.2700067897
2143.22818868918
2036.64517523032
1695.97974632822
1800.07474182032
1706.84251955886
2015.83248562985
2038.89211067979
2424.62404428794
1709.95126699295
2271.85495934191
2206.67599354508
2823.36161174703
2058.75262522059
2180.84999049616
1765.81783402092
1903.39220089568
2023.07526948255
2020.41290271516
1685.03846286665
1509.55080063682
1953.8690858821
2538.58180054259
1992.15398577513
2276.6056069278
1889.22938151059
2086.37638084668
1659.51561355347
2286.46050693853
1712.87556339235
1846.76494984036
2804.11675313771
2087.20371007519
2216.90166083356
2145.72141648239
2077.61629450338
1815.52152879352
1992.4318849277
1699.70718823531
2352.57885169332
1652.68491142175
2083.33901974485
1944.07567119841
1941.04732658272
1299.6078592358
1873.30547736134
1821.02583507473
1934.27991740569
2077.26756915247
1486.08171267285
2202.94145195831
2121.03002778188
2421.26020608887
1899.3491720804
1685.58333727313
1580.36705294398
1924.16437767552
2261.43683954004
2054.90339148254
2323.67215743166
2084.09426786175
1859.52848435696
2183.71310427291
1916.19924558505
1825.26248823215
2378.17243865236
2617.56618232006
2014.00672328257
2371.02972293924
1945.56331321357
1852.78408925671
2097.34687536403
2143.62661304341
2283.05736867744
2040.09722043315
1936.28924348943
1715.74071363483
2324.43446003707
2139.16029641125
1677.55121800019
2090.80202384467
2252.87497387349
2149.45852244329
1858.71370304746
2004.67653564439
2330.15697381077
1930.32264442172
2166.91397958873
2281.42675189379
1985.89043729245
1724.0419116103
2152.48173904088
2190.50657479491
2352.21149181168
2007.51626123713
2079.49750496347
2082.23341336581
1938.40052306477
1938.93696040411
1983.12676251567
1376.87859308402
2180.30020285116
2042.53559522493
2378.42321015865
2218.11252333049
1909.28220534465
1714.72136197301
2259.81066706816
2173.58736387144
1848.56030352489
2057.33403442094
1706.88137764465
2120.89256920262
1835.02051950306
2352.16535498255
1517.52199198072
2297.46540685677
1994.0652797624
1960.00350658174
2147.64922905429
1913.37667324626
1881.68351769947
1488.1926853302
1923.72193929675
2156.49893521207
1628.9510707227
1854.23832699623
1896.47481269494
2288.58057195208
1770.07599836298
2251.78531497981
2203.96413825823
2129.85208337671
1664.89981949095
2314.01921685301
1999.61800753903
1690.36341794968
2204.57329141023
2123.87008417085
1707.38195428369
1833.52100689581
2066.23109971282
2132.2150699553
1624.03540885302
1655.75312810792
2303.92570644489
2103.34604241893
2183.17079146139
2047.25661772565
1804.75563038599
1998.30363141861
1956.63045354684
2046.82498089803
1723.07245501997
2155.14723564355
2255.47864054847
2260.32129258712
1801.11642886208
1973.90752153934
1925.30885714483
2200.24157271485
2107.9122405874
2105.32692114082
1339.77958444011
2005.33920675054
1976.67516223197
2072.69008456951
2596.41890679404
1726.98810679036
2115.55377334341
1716.40315214096
1919.30736762818
1828.25708018259
2002.91239093497
1917.03777023203
1868.03563128839
2340.44950617094
2029.78394954682
2235.47523464382
1701.37831020265
2498.37014864815
1705.00463832745
2470.36456537532
2127.40335094363
1940.98195058117
2506.90149540181
1610.31545106607
2047.17297332441
1822.19762321109
2105.12307408816
2271.87366611868
1805.34401712393
1890.05865300479
1914.89000090573
1875.70643393922
2280.42251992473
2074.33006868459
2281.03732912945
1621.93980563575
1855.61749723326
1764.48381977214
1568.52142832661
1940.64999625606
2130.37171305958
1735.62189445051
2068.15104036551
2038.25040025247
1813.349646228
1517.65935202615
2110.80129787034
2045.89760885902
2160.0715866664
2040.76909137783
2075.35535729135
2252.32926059324
1896.2913543256
2090.62459532865
2139.19148780571
1795.60363741505
2129.96216243731
1848.20419801498
1920.31789299727
1991.95330642243
2143.29136513679
2000.21236827442
1849.39577945445
1987.14175326803
2221.31448628347
1872.69139963064
2130.99519566473
2009.94093444595
2154.54092709991
2306.99846870947
1929.93381671602
2400.70751650726
1857.89447702396
1945.00715170644
1753.36797436104
1760.82083940209
1374.62683582341
1958.65180930247
2118.33534822347
1912.96474464189
1901.26667987498
1557.10157227447
2060.66283257018
2173.72979186
2172.53615716008
2408.16450660221
1948.88960886547
1850.54108409458
2118.91862132044
1860.01905745887
2078.52921960805
1899.84782468463
2027.99467137853
1843.20941340025
1680.15422428592
1825.49513692956
1643.65186668468
1905.7003053213
1857.6153282953
1864.82248394791
1976.6416527007
1470.24118700534
1863.27410693415
1931.39364123885
1774.88082828932
1990.00301734498
2297.62224253655
1913.53281220536
2133.29467605867
2403.63070541771
2508.26653425259
1912.86935521711
1993.45013758345
2299.3193410172
1878.67731549841
1451.68813506928
1964.41511359224
1751.81464635367
2092.50183510628
2277.43208769904
1736.68120792758
2252.08310616251
1931.94051271698
1923.88397710275
1882.06790263589
2141.85185392385
1979.58493534149
1910.04032519745
2042.7103561664
1898.93936530744
2100.6324203951
2259.77597490297
1859.5687670215
1996.6436844528
2198.34253717579
2096.88602106049
1663.36295258683
2170.60193431021
1547.00511281552
1879.65278682395
2351.92719304036
1847.9499992429
2136.63687305689
2077.73564200642
1698.12544159224
1580.8167594958
1860.05081805959
2199.89324902954
2029.56119456234
2343.73160602591
1992.44596548211
2073.5782487123
1848.91146776509
1868.71580389966
1819.55173845256
2429.54957437696
2124.139501245
1774.01503498913
2116.76130580904
1962.36948146269
1912.97037069757
1663.82798795063
1938.6764217287
2017.39075686926
1928.96331231776
2045.77846265423
1942.31450028852
2163.49799874216
1859.98774834133
1966.60082425689
2233.39501935631
1688.43853259289
2112.92738452917
2162.63900304831
2319.7275757689
1872.12912277637
1884.83561165116
2242.83107029921
1832.87431354426
2171.78875249183
1954.3191720543
2149.61042695279
2173.70585161347
2042.02265099693
2262.00043419604
2158.40764317615
1936.04515317005
1916.79315419682
1861.65267775031
2387.64377143542
1813.243258886
2082.72262214819
1826.58605195186
2193.50659510289
1893.31466133058
1996.14477682256
2123.65302326771
2017.94806138172
1878.19644726438
1533.01633226347
1678.58558699897
1890.26279661354
2142.92737969555
2278.62045511519
1901.40862478052
2059.03157741371
1700.91623939172
2087.77433472483
2168.6490520258
1844.93194470301
2345.95502401622
2293.30793003365
2137.70676044467
2043.94081754151
1845.10089824507
2196.11991004107
1768.63094461494
2126.36015511783
2692.12787494352
2151.33072751128
1876.32728190616
2025.55233692911
1968.71476256373
2017.53536539928
1667.97704369362
1445.21804526268
1746.95024772866
1888.34413503775
1781.26806046669
1907.95642400247
2457.04073021808
1912.05416762772
1758.23014774704
2110.01728879186
2212.34674271426
1865.04745057056
2342.132598463
2174.41266654431
1864.26898494588
2209.83551217732
2084.61390173497
1979.39199911734
1996.59576556144
1905.71094268737
1569.59166214922
2067.51487348287
1851.60662516309
1924.03818188169
1966.34744929434
1872.80372781857
2078.49380159145
1989.56116089297
2143.23884470501
1987.02816550329
1997.71749571317
1861.59025043454
1898.70072267822
2042.41732746908
2468.25075450983
1879.4551311811
2040.78675790214
2067.52439615819
2102.2889432458
1947.80036533047
1760.8747320328
2046.81241701816
1886.02513002162
2109.54597573714
2325.96461851655
1588.30904464364
2014.93761946579
1982.98203499877
2303.83014312184
2442.19405445584
2004.9016041285
1944.80405294991
2366.54245757408
1936.77401724111
1555.71943019915
1984.60703404167
2056.77609247557
1537.62348043167
1743.01960603957
1976.16044900835
1815.25262738196
1693.62652273999
2002.16961423822
1711.49516423796
1707.19275551974
2117.39313670329
1702.49203574518
1876.46938598303
2056.5773908743
1892.75318469584
2211.02909444249
1654.17357170966
1883.40489612687
1888.85709794569
1984.73161692461
1816.07258257547
1935.74443216591
1975.46653357422
1922.16231006859
2149.16148297295
1520.28337769945
1843.91529325589
1989.07447649409
1860.83970082888
1994.89593065235
2138.34883903196
1931.68481719881
1817.9698359593
1896.85021092604
1876.73969962493
2378.8875266283
2118.65559022155
1768.56744850381
1749.61323484408
1975.62311506112
2369.84910524595
2076.24385872101
1836.18589084762
1968.944119683
1979.1318877363
1665.32256507169
2055.50789174603
2185.34930670345
2059.19888618716
1840.93641156848
2160.16540625904
1869.2220239283
1984.72401827574
1616.19841245935
1930.27641102094
1789.39692960612
2311.63299258525
2054.85911094961
1704.87082003514
1968.00783542007
2001.60670739415
2196.7691900285
2064.6904899395
1636.25420872831
1828.05044454676
1966.90956992044
1840.5318224551
2261.6133968528
1924.38680235377
2257.25519493746
2206.88730581447
2046.63314101602
2051.67774408802
2078.23927020217
2221.81295260906
2041.47441583704
1866.13026279536
2080.28024622671
2048.61529463368
1563.82154390525
2342.15789745545
2203.01600439296
1869.44947356538
2241.80597865829
2098.25720018598
2087.96032855659
2088.4681370897
1850.8821653938
2174.47217841969
2285.86181033726
2039.94243128435
1672.97585207915
1906.00757679824
1745.70623135261
2197.60756028265
2059.30245787716
2169.41235488323
1675.92184857146
2128.98630438812
1931.8562230965
1975.74398049027
1711.61241984717
1699.06260788994
1771.65133559266
1764.41384613503
1718.34402564032
2091.37852182972
2201.35956778774
2487.06525946937
2044.47140787637
2000.29439267397
1952.23056964157
2387.65883018061
1922.83728980726
2011.72589305064
1757.6385666582
2135.87458780262
1909.20952211078
2188.33942945514
2274.1499478533
2128.92600541936
2214.4035354226
1963.4954342178
2151.6724664147
1871.35729353801
1852.39774693273
1571.42065742578
1740.33429442764
2057.24087304603
2135.17626543123
2204.43034833345
2036.01642122151
2466.86087460396
1831.61440219573
1917.70338956589
2076.48030262042
2271.09649829775
2209.41509564177
2164.39300103181
1618.53576224531
2069.58718302031
1926.38109284516
2279.92967110377
1750.47505131785
2585.51057073741
1871.86013149773
2105.24843769653
1746.75528653829
2033.12996109661
2382.91546647894
1741.6240761077
2278.83771228639
1818.82024147118
1708.0268548276
2338.56153315022
2035.87078087214
1913.80771344222
2449.73496958676
2146.27392503984
1845.24997469196
1895.65843895443
1397.82600940997
1695.39560524672
2160.06512883015
2142.13304081296
1949.32731251978
1849.35948354062
2161.6508711313
2045.11294327924
1684.93420128869
2274.29581611313
2257.58842154092
2136.10008281648
1914.20933646413
1987.58449552096
2216.54703033716
1925.20283201866
2071.66279174104
1800.35196875368
1821.33781932544
2065.22413531691
2424.29500039778
2113.8033199719
1801.67595972297
1957.23885587621
2253.65228237588
1673.16570287048
1927.10115020975
2075.10125394427
1865.70108382664
2341.08823025134
1820.08171201305
2252.66524550413
1570.1948230672
1778.91779901127
2015.15333490819
1802.66711308495
1733.32996404703
1844.44019420281
2086.27252862945
2149.15977674743
1682.45866812213
2059.92463895749
2008.05472196635
1995.36526685586
1878.59040307206
2027.15812374838
1874.32934609601
1802.32932720531
2044.25504529028
1969.56871083979
1990.24990554318
2063.65811091103
1854.47266354399
2444.11924210354
1891.58361199553
1828.84345053423
2394.7046101512
1804.7516497521
2223.37286957648
2605.99045887994
2293.32987623999
2252.95155462883
1738.66976756152
1617.80665354905
2154.72385717654
2158.31733000457
2224.05823928634
1865.64486433392
2199.67090763343
1897.89331269872
1870.67175743231
1934.93053265638
2075.92075343507
2196.95605654891
1843.06179973226
1926.3533052541
1993.49084982762
1878.12122924061
2329.36568245294
1706.58931716017
2217.22196523685
1986.86222142077
1627.6882291359
1731.49965031626
1858.46910657015
2156.15684393906
2274.22557993722
1733.13129044372
2269.5542570693
2173.90604167266
2166.05778967501
2491.32655292639
2466.98638122701
1921.4007808375
1752.98287195094
2028.29109896317
2176.9526762177
2038.16238490908
1785.271302323
2074.37542284604
2350.8944587242
2176.92527517696
2021.08994552713
2008.9089279562
1970.22894944734
2439.25713109177
2189.83544774075
1958.53414579912
1674.50773576984
2225.61960498148
2124.38393226746
1595.98640180328
2271.0973040653
2031.86988299597
1830.49499043123
1843.69691866918
1448.51928377263
1909.39006010639
1703.43447440644
1662.71715820112
2023.64753797086
1689.74616302293
2392.27307838677
1934.26988011163
2116.88744630407
2011.97354551538
2413.10547766882
1412.20178786807
1869.98889857633
1975.45538130949
1810.85531410444
2076.24508247989
1787.13300165565
1614.15687019579
1931.7011728844
2028.09260508754
1866.84328436591
1893.36118115694
1707.80148563856
1657.64280754588
2014.73908664079
2094.87785237364
2653.69330445429
2377.113643447
1846.7485095157
2091.38124460378
2126.29930320981
1603.24988872912
1989.46164729967
2395.8229613607
2053.56273916555
2079.41585280749
1784.15414047186
1578.68315310624
1751.17050068464
2471.35754236397
1834.49923472139
1809.36751059181
1954.17153587493
1774.99487573109
2020.23621238803
1897.80115052041
2578.42863052027
1715.77622743107
2097.50663055723
2056.68118057977
1705.53333578468
2256.83508164188
1884.46016470608
2285.77807250006
2067.31311983714
2333.7638863085
1999.18326143982
1938.02875508376
2483.86997366844
2078.57405400833
1738.00153750881
2260.04851237136
2103.05692416799
1772.92425027744
1526.93054930006
2907.44824546417
2045.00551881527
2169.16820947201
1956.57298231061
1583.27290215452
2154.62548535908
2039.13862766774
2428.25232359301
1874.57847844971
2083.82009362503
1980.92014337553
2191.98930384498
2545.72803668034
1619.56563265022
1845.57317304396
2164.41424380953
1999.58045213559
2197.69848405976
2023.69881625125
2063.19177370846
2113.61994528272
1793.37878584687
2329.96806892951
2353.54583005956
2064.71911324753
1598.71539962787
2059.90138684148
1949.07595900332
2106.24995306379
2369.65728440134
2134.39673951991
1725.06261673087
2564.88097665164
2093.37638942514
1682.63675496474
1629.92135109311
1864.75189486716
1835.26869521854
1875.69682788679
1874.33460254363
1653.91589151064
1995.64420653533
2089.41888673373
1860.69800597721
2339.38413737
2016.94372434175
2022.6986184545
2105.91178198371
2028.75794733618
1867.17808118371
2460.80906194476
1716.27702697907
2139.23524266516
1952.68831887085
1848.89482798526
1862.69471547277
1481.03751305547
2076.70053792953
2094.35226265892
1882.54529898059
2292.68637252167
2288.0902548815
2024.81906144693
1967.58312645013
1888.89373487946
2059.45945074167
2092.8518902262
2107.11259073182
1974.47447318055
1673.56949779764
1581.7890904473
1806.72178059552
1638.93444444595
2333.35969030587
1649.82706820168
1782.47629212822
1644.20124991268
1942.4204867542
2030.3673996852
2107.51668685592
2036.91399925408
1877.18010735871
1730.975925617
1847.72317123517
1868.72700650267
1869.38961424107
2391.68142200642
1794.14128800707
2218.35157841345
2103.48697509594
1554.2318068565
2127.26558734808
1798.48563305546
1920.07814666967
1881.4131814116
1797.33823096419
2212.01202253535
2200.85843232276
1657.91538572993
1303.94832748226
2341.35973695032
1622.80978560202
1950.01688678136
1694.63263726821
1488.09358013229
2369.99228972015
2244.58422577227
2579.89784178431
2305.83921354635
2018.93280877405
2034.7982806463
2074.33865175453
2235.95370309926
1875.16467836687
2388.40426740821
1786.66865288756
2304.57739593737
1961.31830176763
1518.13666498127
2445.49983592127
2083.04673192053
1751.0220362597
1993.62385298051
2099.61728130772
2081.32775720322
2091.53624793004
1645.42703586811
1852.69901906363
2140.78620188354
1734.17682568101
2268.64879991806
2551.6276595635
1859.77682916085
2380.34458861631
1694.86465617481
2092.05575670642
2056.59319321757
1515.34092536282
2092.88536786274
2357.26227836533
1791.56125118323
1903.51052309109
1881.96328194786
1867.43944013479
2244.83643269776
2263.27122610122
2255.23658091422
1539.50667864715
1920.60211838517
1940.61134678694
2352.59182569393
2513.45615601602
2080.49027696195
2127.62204664573
2137.16338406019
2122.12875583004
2245.9025729358
1872.47719717467
2373.74920474235
1951.26610388769
2199.29320295025
2221.12259408886
2054.22677913949
1960.8796958929
1948.12675201423
2075.25275141509
2171.24932231916
1855.22992959889
1918.49332172231
1989.78256862049
1740.19842212958
1675.2321534019
2307.06000887995
2033.54030115835
2154.56718603966
1510.55445672313
2007.59321198775
1721.04203353449
1934.75961777882
2052.25000790888
2143.85782914787
2008.01366119856
1937.2735151692
1909.51657759868
2067.78258334794
2083.32825771359
1833.9512284659
1802.96433858928
2013.88389529617
2165.60094022488
2228.25136204917
1991.57176271943
1658.29332477677
2071.68375415495
2325.61500407238
1740.99018245811
1825.33475418125
1659.86558497565
2130.28947185588
2173.96602947653
2438.57197124336
1919.72349665816
2117.43761628441
2119.66305145479
1551.04321268172
2143.93389616783
2386.67695333761
1903.31939082713
1585.62182892253
1648.28714367723
1841.11200187425
2048.81681585611
2113.39504272322
2112.68670385763
1788.46598816367
2153.52997250646
1843.1038724101
1670.47734649583
2206.50235621364
1851.45751167658
2133.76981801992
1949.06962533275
1733.34243077117
1977.78756828294
2234.90384719967
1564.18361200718
1590.1856000643
2426.27509329916
2078.47986313551
1690.07277835233
1987.3333383175
2258.09052105479
2010.05091989566
2428.04024064855
2324.50162257893
1870.41794945022
1981.34854946007
1851.43579121583
1690.18146464551
2185.36956403371
1626.63422613147
2160.57345374617
1827.31512341838
1657.16080151985
1759.03028845926
2065.33648772888
1937.57887105808
2000.74668030931
1921.98540916308
1983.90892479958
1792.23265606459
2130.29206315596
1555.97449766273
1632.73472581817
1993.33839933028
2328.71969305787
2157.83357972432
1907.68069273317
2083.71767638514
1928.11334681066
2001.50144497419
2338.6783953332
1543.67373857791
1789.07136767368
1812.70884969435
2149.76223443208
1963.79305606791
1802.37836096554
2315.35856044357
1968.40607921311
2384.05882985926
2148.91595644813
1635.40112801149
1841.64959907222
1599.56524998518
2041.89221925718
1837.19646155244
2041.05593893715
2018.31857411762
1861.70574628001
1973.71158603895
2515.37893290925
2159.73455452079
1769.30399664744
2077.91297421982
1797.38891906046
2062.59428902012
1739.26079778004
2192.31438567293
2054.62312023553
1679.3166336236
2029.44580355749
1718.71912865872
1941.0928085183
2082.84909401588
1984.61895051294
2031.06622009589
1811.17064169363
1837.40739706298
1975.37112409995
1791.63319842453
2084.9513566648
2116.02451285205
2096.76711724746
2086.67962786818
1982.51803205816
1718.11140208991
2091.77065361015
2215.36711280317
1722.83040221644
1754.37445582556
2349.26072397965
1834.2381883479
1560.16608330878
2192.09099650517
1806.96854950204
1707.11219719091
2407.14814655005
1780.3433595554
1954.84954660777
1771.56589937221
2142.83363323595
2043.58671842531
2381.92278703581
2410.77004702811
2423.54563378852
1966.51307446755
1934.62634807638
1479.7999161319
2304.62295465993
2169.61303209766
2146.7848169513
2591.162986943
1900.08793218857
1774.3218657213
2351.3851595967
1919.00937780011
2056.51781881324
2303.93762981961
2383.0785966815
2206.0291488804
1884.49288648417
2022.48170203878
2064.93357604681
1889.50647857069
2107.63963754171
1995.37701488589
2096.60994972737
1869.93021264783
2024.45348320726
2287.4388794771
2339.03800823267
1596.88991689389
2461.09856848196
2628.12204226342
1966.96543740629
2251.62799580787
1601.15551185923
1666.58193529939
1463.21926615496
1587.30023143521
2234.68814384307
2019.00826678602
2225.55219516919
1962.5062912641
1627.86900075921
2066.33766210054
2278.73821729587
1715.59031192603
2272.76596147168
2038.31023648804
2145.22042931025
1423.36447404685
1646.12438267547
1839.14945912335
1876.85886454162
2062.94917167949
1960.75589265137
2215.53118712749
1933.78463424085
1788.05498274833
1987.89056703737
2054.54551371584
1783.27631651995
2266.54037062373
1813.29152804918
2372.52884856257
1839.82427400066
2016.00410317303
1837.50853071435
1845.59461178393
2140.07170769463
1833.00782263165
2001.17659800507
2267.08091904635
2246.15555466691
1816.2399911945
2388.88934560843
1557.65943946445
2189.98337743477
1504.1019822549
1968.29907151869
2029.22098626335
2279.6074315163
1252.1664952195
2121.86278308258
1817.95909763692
2240.68444475672
2299.75568939061
2038.19113331294
2172.1383608229
2166.77988045035
2129.583528451
2012.62539978212
2181.61248683862
2272.34580322421
2081.29717386273
1916.77195971997
2221.03020846344
1733.58756668554
1991.78781844462
1936.25252599345
2150.54392432899
1874.82726324493
2157.01943366925
1760.08151449424
2073.18304911422
1002.70431874405
1957.33749930722
2198.87178678073
1985.10502683759
1737.49909094276
2319.05140248115
2133.51034529835
2274.71761344876
2006.27274206598
1988.98370581175
1797.26541550892
1799.62268773652
2192.6185707762
1819.92651633401
2440.80266709672
1630.57635765577
2248.81930856457
1880.19680402823
1682.2031181047
2031.96296939984
2141.54018592197
1882.36583265007
1934.57367742301
1747.00637873982
2141.57883765244
2217.97823833435
1908.5705203707
1959.53903154639
2047.33079495529
2297.47901372651
2168.67403672405
1552.49525918554
2465.77413480184
1921.67271616703
1581.20671712963
2241.07042739263
2194.08307943254
1776.33635710865
2039.17396188557
2173.3798276964
2185.34792988768
2202.07400937359
1828.44930831887
1943.43201275855
2065.04292962664
2073.12778448066
1972.70966335525
1927.92015622783
1459.4476855814
1912.84951985665
2151.64903970699
1175.20633272419
1937.17237700729
2124.06644845734
2104.63003639646
2012.09592032537
1889.07642941087
1604.74920920737
2370.6522663057
1803.77056854881
2179.33608104268
2521.41630373972
1994.93340575409
2089.53277792909
2123.3482024241
1980.86523178837
1957.94636120043
1506.35013622033
2030.33464228617
1449.1942781871
1963.98187743238
2397.33684071546
2103.95320352515
2529.69506543063
1998.51049460508
1507.06014281926
2056.20467693954
1447.59692762254
2152.42323255346
2375.93853826275
2188.70479389863
1875.16165075217
1780.30476371498
2259.07165042009
2193.51461600705
1998.33643084077
2343.70945511376
1294.96110893764
2008.87659444862
2235.76699300425
2130.25748789607
1827.18191238648
1666.1058931644
1774.71218678903
1873.73367375888
2248.01989840525
2264.57823579171
1755.66248845563
1982.06120365806
1966.1743987059
1950.40616942136
2296.0673496489
1580.54613247157
1620.05320992564
1647.05473760235
1947.27160611703
2046.623859689
2360.77280806695
1995.26506251235
1997.65814605595
1815.05656414245
2366.77510968447
2520.59295728006
1992.96205886837
2562.9603059541
2365.75790827957
1618.38322663333
2017.01996164462
1669.72436661334
1895.75441392169
2008.02527172056
1664.91218685327
2156.71121840476
1958.50613934681
2042.96360642797
1906.34100184717
2385.52579441722
2047.16170888846
1713.84262031968
2090.67180161816
2453.82731567761
1733.98044009742
1910.13271821828
1928.41197404531
2102.99710703584
2278.022111228
1892.88285840349
1880.27970373894
1951.07527691287
1757.81238062771
2114.13126426715
1737.89517625011
1757.9476155521
1909.80984118816
1900.7665786123
2171.92916543256
1614.20678567292
1663.42946755386
1689.65315177627
1759.92939689535
2101.27714702033
2218.67936389326
2318.30794713379
2095.97135947921
2129.86778902468
1857.59350635938
1577.38945928971
1864.6030400383
1911.4167924597
1644.72441234425
1740.05576655491
2192.98995811547
1817.12499621687
1693.13893873577
1904.15016395472
1791.15351314334
1618.6742914461
1702.84735950738
2251.40016500545
2064.37985538873
2096.22647231835
2031.93615113034
1976.88965769838
2161.89015459601
1840.19648045183
1620.22853202645
2022.17762377623
1888.35818851155
1776.43351373568
1422.33035056877
2354.57349756184
1943.45660202411
2306.68631016374
1782.31597985537
2393.09881090949
1649.27258949145
2332.00927480539
2302.02500626825
1947.63882967987
2110.28146829503
2032.9692243759
2403.21897592904
2021.16533669931
2081.27010176817
1884.19185454305
1889.61835529287
2028.97319339005
2015.91344311891
1769.82525389301
2648.75822193656
2033.83904220359
1991.76429475452
2161.12722628021
2264.46036922461
1819.95090936517
2373.91166494885
2311.26756129704
1599.1957507559
1831.29703866834
1716.6956538928
2166.68906749304
1768.40696762659
1634.07485665954
1957.76753807412
2429.03491095436
1946.80525720933
2455.87259023784
2275.40896595753
2534.75159506589
1937.84460539573
2408.94644509601
1993.11130501843
1949.16169104874
2349.47390936229
2105.75501137313
1930.85437044652
1891.53418494736
1598.58434941455
1766.99220883085
2422.257165283
2300.76032110119
1911.63851706701
2300.46731518336
2174.20971661041
2344.67436749598
1602.86916804941
2105.30795038392
2065.32778500254
1918.9429541114
1813.29306160519
2088.99188820829
1870.89707876782
1882.23335178567
2132.94479544469
1671.59237027917
2104.19208097151
2046.77648157999
2063.11745372651
2343.38206224914
2141.34277500413
2153.25740480691
1753.12523596099
1963.31883984576
1958.97699607952
2073.24594032927
1984.39682156973
1903.59399028295
1581.10747228153
2616.04009707913
1954.90662302757
1840.22752104017
1858.65693217292
2236.51113136778
1649.31491286842
2212.17793957947
1597.76757523627
2018.76334308999
1897.26548384958
2233.129051429
1879.93424947576
1906.13035054409
2052.67212926411
2477.69013455538
2286.99926217944
2005.05589546896
1976.43501448953
1653.04597553793
1953.24353994527
1929.08215490554
1976.56876281764
1923.82902034969
1965.73830445373
1761.46691388484
1707.54765144888
2194.58161103673
2114.26550497854
1723.11556771072
1904.27516633958
2082.2760131076
2392.19681183701
1661.29379122955
2208.42525732677
1848.71918980631
2101.94337149872
2190.69895868079
2419.30984658421
2076.08262747649
1981.64328039076
2170.49189989188
2078.8992009927
1940.38042834899
2170.98123265488
2130.27835478814
1896.55547756198
1802.517396716
1974.74784945036
2114.66060506671
2142.93093143075
1763.38079927133
2095.61389316548
2009.30711354869
1656.28575939173
1883.00110477758
1575.03165533524
2125.53995443924
1889.47267764075
1936.06575266612
2047.51818260475
1825.36301428217
2183.70490570517
2074.27963590561
1768.88988483113
2013.69608959872
1879.93414596359
2005.61154478418
1914.027978623
2351.61721139004
2157.42686917781
2171.96965305827
1792.09979237759
1808.07818602508
1694.38296367737
1781.38426340409
2305.3881948792
1984.29975989242
1971.63809740823
1951.34022034613
1951.68026567176
1691.24280112396
1890.6560525494
2013.41446562539
2088.33600268792
1803.7373092315
2008.41725097838
1676.64524127763
1812.17056396095
2194.0272627123
1752.78199972876
2002.04281465565
1976.3158351544
2274.44292855963
2405.45084583672
2155.83236612793
1736.80753245093
2186.81566066436
1942.37951445432
2439.02229048908
1818.89544833649
2182.73006792268
1758.43007310052
1912.50638478818
2200.51374457188
2037.5165658593
1856.7366738741
2229.16352157595
1936.58791769521
1644.27181980343
2348.25364628592
2069.71180619628
1848.49439857862
2489.78509125157
2034.99866121425
1920.65079619288
1999.36237316506
1714.10729249283
2016.68110065901
1889.06870377414
1964.07845020484
2277.6976695652
1932.28192638617
2747.41798306184
1765.3148180608
1987.67645265561
2024.98576690286
2166.15670651726
2027.05046735727
1751.56541111821
1841.41975127757
2265.05889897164
1873.09883678242
2023.94754909534
2033.17422525691
2155.53664190475
2218.05575895982
1885.5608150449
1702.07066244235
1946.58170191882
2426.51438288332
1778.97339099559
2155.46070603442
2124.87855020174
2023.77660060279
1935.12287474131
1838.38368289071
2026.43155304751
2508.93840331691
2302.3083742651
2291.36220574914
1428.2132394673
1993.02927153786
1796.53554655762
1979.28489419512
2193.68042428897
1913.81099169212
1923.28853326498
2348.42284192597
2069.1661962628
2006.57492718231
2085.77688978474
2368.68473357839
1562.38661431104
1983.9515887598
2268.52131910514
1994.71871296522
2071.37362125907
1965.33877748212
1896.82159846374
2418.45694472508
2003.74623587226
2013.94536869853
2226.70554953381
1710.77487075055
2038.41457781489
1874.62240095269
2240.24120313333
2212.70982609408
1842.80281064297
2134.23841776025
2129.1549921629
2051.37705373595
1745.05391734165
1651.77282468747
2259.13064025227
1964.1555271901
2160.09760418987
2362.5384018661
2551.86972002576
1963.95634368472
2110.13095842228
2161.76887874567
1666.37341956177
1811.49822370768
1948.29642864895
1890.42615333362
2402.39620122269
2048.43160520249
2139.97204217918
1791.23540520039
1845.26689877255
1738.59213445259
1944.14478241175
1920.26454543934
1816.15294059183
1917.69308397802
2141.30875725221
2012.79727328304
2300.01236680348
2017.53848482663
1689.36326425054
1483.31671464844
1783.6276253707
1843.11095017918
2442.74404987523
2416.16524291529
1793.7905328127
1959.37398399357
2181.00660840404
2448.88205243979
2121.62319836552
1793.69075007772
2108.90909234336
1715.93010019635
2498.89405856581
2113.0360890331
1820.4503722579
1921.44202457335
1818.1565689673
1743.83554889881
1653.31484746088
2314.79961676534
1824.06484878754
2178.23007581577
1989.40726213364
1975.74362592918
2313.30839526433
2314.71134567125
2075.90742741224
1597.43131295699
2138.66278338974
2277.32531909885
1957.62060680497
2223.61129148577
2156.07139582571
2036.62951177578
2094.21600728863
1590.20278755358
2136.76524398464
1768.26743424461
2260.82935987862
2226.88364619043
2206.83782263907
1989.08765235735
1666.84133371821
2109.06253806869
1923.19418569779
1621.77235532609
2011.19657273478
1941.45029242893
1527.02318293116
1854.02728338
2097.29616629487
2289.06082351161
1837.86148120403
2277.78909331782
2110.75945962752
2090.4160368027
1826.21217392583
2121.63092455748
2048.91918357669
1862.19100378496
2186.32733576393
2075.63957082437
2335.65250367725
2177.90233122699
2201.89897932595
1975.09222799741
1652.89375773889
2115.20680114004
2142.08649247541
2202.62019224624
2165.9057131979
2079.24070951784
1895.06147866336
1920.28903570644
2337.72861201056
1827.41402284527
1993.88893949457
1936.69610342234
2197.54124306618
2097.09471267146
2619.22926557385
2061.61874028153
1731.25284690136
1503.94849899749
2259.51108424842
2546.29580518264
2163.50443987434
2368.4740382943
1930.45812984041
1691.53400109479
1753.62636122854
1636.69061587812
2682.19977171798
1584.12069683575
1896.69090689279
1563.98521900896
2187.17741077506
1924.49234623101
2326.57166454932
1719.18711584829
2074.87863755571
1921.35549155781
2019.42990583041
2061.6590839063
1807.63000061068
1586.55148520118
1636.26511282485
1866.43000665233
1438.85433338514
2059.30712112173
1869.75399273419
1661.90642955539
2171.54821845229
1356.23560690768
1913.02496906111
2201.47648773148
1947.65614944047
1901.54927492806
1492.50955908272
2188.90200287522
1949.84537445869
2012.16808673088
1876.60225697018
1985.00469013894
1911.35037265761
1742.11237448515
2017.85460499888
1976.66380930182
2294.56979376749
1810.70423906217
2075.44094387174
2151.26692755348
2243.04887726744
1994.16177470816
2045.4655148154
1644.35403746642
1772.5441208224
2261.88267474579
2068.51808362353
2268.1928793681
1428.71225033424
2181.86053691327
2026.80211998889
2045.70867544461
2455.46193074333
1912.1699131846
2410.48221695918
1989.6288936254
1737.81015693863
1930.94501132025
2308.64719976908
1903.0656376074
2176.78132568354
2272.64297583964
2089.72903642135
1707.28391825411
2099.57804830467
2114.37632958932
2024.71775936588
1843.69232532721
2113.26925161068
2163.0871085493
1612.88972659111
1573.78797819964
2184.80394206204
2110.2668437615
2087.96345378614
1996.63376028607
2440.85981887214
1999.95137761213
1695.37741380927
2054.67609521711
2191.85394785347
2038.44364280701
2120.25255236505
1971.74086508672
1985.06771245438
2326.6838346435
2083.852253483
2327.9120641743
2162.40636650454
2031.72340808028
2075.19468936907
1773.87550668
1735.14639527488
1945.80607286963
1966.6112096811
1835.78992891922
1997.69825640598
1896.12927208248
1887.01634379199
1785.07621293696
1722.55546528029
2283.73964029056
2126.77599144072
2075.95046379297
2105.12922468192
2059.7444964259
2084.92808487604
1718.44461430119
1902.46729136751
1549.73882332815
2114.68366939112
1860.02016712058
2516.40835160181
2097.36929415278
2250.55747540115
1764.77152564835
2247.45317194664
1934.71431759403
1608.39607809756
2099.85555181525
1756.67086229742
1836.87530927207
1574.70772896292
2210.82536160265
1747.53209659466
1977.18066165036
2034.60572398721
2088.60204609401
1702.01661616318
1317.23673457826
2300.17430452602
1903.67436955124
2336.60356603191
2476.01294307466
2103.3262711777
1674.10354718312
2273.45786430357
2048.39097258862
2113.45283999255
2110.35057621688
2201.60485033539
1855.31136496157
2212.25061836131
2206.92872954637
2042.40418626121
1591.75948270355
2055.5637109078
1755.57039439519
2077.71831245002
2245.61382502961
1788.42596730781
1772.78589750864
2175.99520673344
2408.4065522843
1675.29986085939
1761.48407517878
1678.97105313104
2279.56258363996
1592.0922762772
1669.32915866422
1885.23342739308
1836.67893569261
2249.24423137666
2198.315189316
2111.70161550714
1696.58192480308
1830.89350078227
1948.92910604863
1788.70478744092
1958.37873067524
2153.38346779189
2178.7625054239
2042.26596344623
2155.85365824199
2423.77668526766
1937.51929056919
1709.94913121644
1972.30747166025
2318.80183149372
1654.142036467
2121.03758095324
1917.41929131785
1749.15405436531
2077.56681492505
2594.87033887716
1692.26537407541
2303.1439578143
1919.13544981351
1923.09543765539
1995.69401239802
2388.00208026786
1634.68866748416
2326.88299726168
2159.60809225361
2057.46843031048
2162.04468319174
1939.80870934787
1864.22780639663
2101.24217714692
2138.60368164227
2519.95977790036
1954.36958949131
1609.27697563499
1713.05185099372
1770.41798712905
2374.8338500605
2041.41343738838
1759.06704493951
1877.02248147747
2185.26308731797
2030.8022474621
2315.37395527153
1157.13908508366
2557.70606521686
1922.65657277073
1839.37377753554
1555.02337852992
1752.23465657026
1524.04912996816
1638.31819345541
2322.77668846783
2343.63903038472
2079.10602440101
2134.4724368534
2314.45343865419
2134.05177723035
2102.73501878784
1698.9970002818
2223.63845972191
2257.179471792
2047.08082627946
2257.16109749741
1854.69905406829
1892.88476924891
2142.21319491657
1822.21225938118
2213.84400209394
2194.93510863089
1628.29662745915
1969.44166136375
2194.15169891267
1968.01304606924
2104.98492552203
1715.10938915912
2294.26064023029
2172.2629428844
1679.10483907626
1499.99011057485
2300.10166495411
1581.16743100268
2283.60041886921
1388.39026446012
2074.38490806049
1992.35428108225
1996.4844545001
1910.09561537099
1842.04688877253
1945.90964609257
1616.39951865831
1994.6708481012
2096.98604322558
1776.5399693868
2134.91696758695
2128.30399393737
2231.75098512133
2124.55212087905
1431.93040995002
2142.83593163799
1925.88902179281
1955.81257699619
2304.67154427103
1578.58624491622
1855.17984802435
1517.14815065011
1850.33538374802
2045.07305472984
1931.27510401546
1729.86870129841
2130.42141014725
2044.49808911334
1704.1765654164
2026.32016009303
2010.86807219834
2087.0289289153
2369.004192409
1828.90882111427
2252.7445827058
1846.02386585219
1876.97356018412
2090.12543622227
2086.22887897154
2503.64326404869
2309.88996166206
2035.72169795422
2460.62002528292
1701.47939601594
1948.1658575599
2547.30263792307
2456.23314836813
1840.66686032605
1750.36970625876
1884.53646043833
2034.11091023447
2347.50969042064
1966.87109572113
2336.30464795664
2335.89376562102
1879.97830779262
1883.99935338971
1682.22013775322
2011.0671563134
1891.13815560277
1813.15427719358
2263.93369612104
1922.31627536638
2574.28828459793
1697.68169142219
2109.73289584198
1791.96240841958
1870.1000044753
2118.49264916048
1976.12189469334
2103.77103221883
1810.2291512332
2130.37952404707
2420.28771743696
2176.6354504465
1842.14230142016
1982.33272578857
1685.40863762732
1698.75215896669
1765.92558330373
2105.33044623278
1851.82191269778
1820.71427360433
1693.90471856055
2305.11308700152
2194.05475667106
2128.25529128967
2371.39816068176
2476.45671793432
1659.85987188759
1967.76319014602
1767.58204528956
2294.60870677365
1725.6529205531
2130.06115590592
2207.10216169926
2196.40721138467
2227.46413124358
2009.26085158158
1850.27725577091
2006.09754815533
1656.48877647387
1720.95296628657
2495.05792472215
1784.87956773475
1900.88996050015
2140.86979824115
1899.84037902878
2316.75272752963
2080.25761936335
1704.00892824449
2543.23537753006
1965.85352471853
1695.36573662701
2309.0679855812
1774.9400886937
2044.42717416402
2115.40336437802
2644.31011268593
2241.17352022661
1781.46807980896
2089.04365910005
1961.81095601042
1922.17001116709
1922.24189983715
1725.68717594881
2353.33329917655
2027.03333903106
1432.2314282859
1670.77483100413
1671.89521114088
1978.4486985124
2158.88239858452
2018.99591322927
2125.81058045714
1822.39232353535
1959.60907857634
2134.90503429412
2228.20101616784
2211.04008927948
2408.41773071893
1616.62804215686
2096.24292023925
2034.71414568495
2238.14704766509
2372.9341993721
1958.12778541158
2002.76204960441
2279.94723162837
1912.04134428791
2471.4910975965
2056.75298460524
1877.15787792317
1987.33067880328
1924.83823293919
2021.35424690058
2043.99087227988
2202.70866316491
2122.30957550463
2222.03739760737
2106.32316665572
2480.46660534434
2320.04331104513
1825.08529527226
2015.65993220975
2241.28059676817
1991.84224832009
2332.23525790585
1741.03191594854
2176.15244831753
2407.5425903549
1820.25173866835
2066.17348270861
1868.91893730585
2055.73011676168
2013.8691005313
2314.31968567344
2113.27201321997
1827.69501607804
1806.90306322022
1735.3291961001
1811.14385387642
2438.80635627543
2158.21313623737
2456.48878019332
1836.24607291018
1721.51688673212
2108.30096737167
1714.09166060908
1978.4563325064
2004.22732067217
2312.10029500457
2218.14696120508
2207.04701489151
1527.27596436726
2148.7058441635
2069.90577996836
2034.39488122807
2106.6913055151
2096.60733472162
1880.12401836071
1866.62818713139
2006.30018175732
2282.27356517631
2019.4656316826
2118.44847154918
2090.94211713458
2074.07840821322
1844.01362523203
1916.46135036004
2492.13655069593
2193.80502126872
2016.19937659822
1555.71623344896
1611.04184171194
2164.22008394991
1668.19999849764
2077.26582409884
2340.57461632879
2391.28022905981
2128.3101536051
2126.032413376
2306.12428657744
2067.9450722045
1549.70083500957
2083.1553498062
1693.95673875003
2073.02713706768
2279.58135342641
2539.91767783831
1977.80675174082
1800.06267821557
2387.17441216483
1885.30652769263
1923.44975809771
2628.50410906509
2501.21802008947
2472.92204692117
2379.86801656361
1957.59032703056
2046.60297937065
1976.08096860787
1838.32683419388
1919.32199604987
1745.88821058892
1950.8989049579
1764.56960457613
1936.68961845209
1810.84406290957
1863.1475444566
1875.44787216917
2231.71735681006
2118.82243150681
2121.56001787687
1883.86474001499
1604.58825431335
1725.36441621668
2154.86299040791
1993.52069945295
2189.97850671844
1682.08262060265
2083.48670972818
2511.53647821718
1790.25882670703
1795.52169192066
2187.57359779191
1887.87254045712
2059.62712795575
1781.45831310556
2130.7060837394
1853.39686875688
1917.40421886722
2290.98955785099
1894.97111059531
2121.10803001718
1925.77178964623
1802.60602747028
2302.42216197676
1938.64693631429
1982.47392929275
2015.942106891
2017.63329300546
1790.83306452386
2038.34710201425
2408.38113077647
2223.66931463939
2111.19771784475
1672.4223295078
1734.87594758368
1840.24789708485
2083.20737013699
1994.93658880255
2076.90384147338
1974.12187520291
2223.42040027008
1956.65826648512
1552.75187939768
1857.0065612535
2495.54557116136
1858.00060430015
1921.24076658357
2083.37632465531
2036.38001088468
2083.5169621933
2037.39728598975
2013.62324686465
1687.3843893325
1910.66939722492
1488.00940665158
2629.54198524882
1750.91233130138
1951.9471516342
2213.79184652149
1694.52681348693
2058.9466068852
2265.88223426303
1900.28814838972
1738.73610556398
1812.29658368075
2174.44012497481
1942.9383119628
1926.56736704258
2122.25528483427
1692.46264720446
1947.31885337661
1820.03209449611
1914.13805772458
2098.41594983195
2201.17022091819
2027.17803528282
2008.37244636306
1898.11408212587
2461.14500976633
2148.15305931417
2191.83974979981
2668.13595356412
1902.22337857455
2145.93971332051
2350.79372924099
1585.15186899339
2186.77877193432
1625.50398746793
1613.43955957749
2073.82507612513
2026.61868589035
1762.60001948626
2158.82365214365
1914.19281913979
2248.21667702069
1289.10162626386
1760.79477497043
2144.36378371362
2029.09102864986
1885.90260393611
1689.17546251028
2522.2790010461
2307.81982482672
2021.04251321137
1540.42157261526
2345.35139990633
1989.04374808963
2062.20297361384
1982.45918960508
1698.26810486656
1935.52179894277
1641.27291371772
1948.90470453858
1896.64053718844
1828.57782628109
1943.62583857543
2092.35343983191
2454.01865934535
1961.97758043841
1824.13121315388
1911.7637349722
1694.65222480158
1863.84830551017
2172.45514244734
1675.45324376003
1897.93927924561
2306.62835523301
1661.26657345245
1867.06752480721
2381.8332224542
1967.76685973132
2208.5024125775
1719.9180643415
1910.69739448983
2111.27648282505
1954.08038962047
2022.53732064297
2072.63461173258
1824.35052545788
1885.21665140105
1918.72498420098
2164.67278338309
1852.49772331667
1802.70743540676
2039.04531879218
1732.57641294149
2243.1156790774
2165.40053963988
1466.39128473488
2106.05254911927
1756.53661899089
2047.0750453584
2215.64118822388
1685.07226402531
2131.94100482359
1928.27884834093
1904.95824278625
2388.24564322124
2163.03952540675
1909.45384875513
2237.90550185044
2129.24947215209
2557.23409517049
2017.84600625324
1975.66248575748
2070.19471465153
1670.98183281567
2176.66311968256
1970.29511876345
2307.19108398768
1834.05463670602
1694.317589742
2036.16803827113
1654.27675451607
2108.31334036843
1854.86447019414
1651.21307911887
1938.33987231528
2181.81912167163
2198.81598425787
2100.13575370788
2074.84670020889
1777.85378839201
2166.61422813081
2412.05558772154
2024.54959409752
2198.83546616709
2111.42246899551
1935.17978429032
2009.6296685044
2225.9218920336
1749.85609783
1514.06007398701
2128.1311318571
1837.40405322789
1949.88440926375
2484.6536086546
2337.3048630313
1976.93622992735
1676.05640883723
1970.32777143484
2558.26613482966
1797.95292911142
1670.60529453512
1516.92257262657
1617.75913721095
2233.45565087065
1775.2878377318
1971.5834473418
1772.18329486014
1836.85568333396
2236.90295017447
1826.8858560078
1880.12286840309
1808.78983061714
2007.73713216451
2084.31192606257
1826.1568889905
2273.91582154053
2338.09642529393
2136.45348188523
1997.0444450238
2233.5139501422
1870.57705398001
2173.34479787041
2058.51457439938
1961.8553042736
2065.91884951856
1731.28494514706
1924.6028579617
2178.24348241143
1998.21558277471
2102.37672827875
1959.23150184888
2348.60379597688
2002.22318365423
2048.86784862132
2043.55541160151
1861.383115956
1538.23285533758
1748.06959567568
2140.23971205274
2366.1792645571
1886.65058401001
1930.66403584456
2273.44460765953
2016.36955822656
2453.70729246384
1882.12822128896
1945.79438858344
2521.3395213507
1892.69518588712
2124.26617636073
2378.21137312269
1741.6846759853
1863.29249647217
1663.45965551692
1816.05369031753
1763.39861388693
1947.78905939109
2173.93625235547
1899.53335557504
1943.70453723256
2105.251503517
1754.68068963456
2559.87934319364
1864.94635602381
2042.58672639483
2383.80237319561
2020.20134626466
2581.67837390872
1982.06245487673
2111.09124201869
1801.81011236979
1645.05450298772
1719.67784714997
1860.71642794916
1801.04582534874
1818.58966935609
1784.44333881505
2090.33633997443
2088.42711903205
2097.54083336686
1639.88718284725
2160.00754655395
1588.24008596571
2270.00150493395
1963.31585184991
1815.25976829741
2179.76455176784
1698.32547587653
1729.82488608226
1765.47078763067
1992.35900765781
2169.82025991892
1776.14435146981
1638.2033446108
1717.710128538
2238.04904851992
1981.30530024036
2073.9168122093
2106.63303741308
2046.96437848921
1684.24627237478
2024.66475171202
2086.49673011626
1941.17409153125
1947.90600870401
1937.103148048
2035.66132333178
2290.5997523125
1682.17232553646
2179.2720909419
1921.51985257429
1817.94661905784
1870.10589958225
1910.59533378398
1983.10399552869
2185.12841029201
2065.58487568456
1927.77921778258
2200.44117046431
2197.92583191858
1617.41693342781
2088.93631183147
1593.15742172505
2351.55043695872
1858.72411425818
2066.28314531478
1992.95933100849
1987.02913921888
1651.81705165083
1974.22670710394
1956.55546469369
2201.35473876823
2202.46425730425
2055.38122887471
2017.40302981367
2027.26039836495
1877.85604195316
2056.82751748526
1913.78651570657
1920.03310603423
2130.90851932983
1381.23128525576
2302.913864042
1939.80317867163
1931.78008854266
1647.01482643032
1965.56772279276
2126.02398941168
2037.6310155288
1964.6153723451
1750.09481425272
2123.38912978733
1952.43413389444
1729.54108562568
1957.61773141195
1955.43596800945
2399.028273974
2008.96783901845
2310.78303398262
2129.96520877732
1957.27771855178
2075.18798626765
2386.57016094681
2010.70284237214
2069.18350014459
2000.01055115004
2212.28743213193
1673.15177743423
2582.89899845287
2181.81026489703
2192.95426723421
2182.02965208055
2291.3671882949
2080.19954533739
1611.42042873627
1940.53794145059
1932.21534844459
2452.26595191089
1688.3569335181
2092.37682516694
2029.99816633057
1926.95691947195
2008.66008008286
2007.31452022829
2241.29821060146
2275.06300204712
2151.50884332111
2359.99348891584
2176.27435428292
2174.61360761023
2314.57093729966
1934.84516476305
2004.73156287915
1982.50867933807
1460.50377626722
2158.56245134962
1833.66947676966
1796.97731786638
1936.49573639696
1884.70844978581
2384.36024505057
2085.16933708913
1851.6562411117
1567.95353209177
1979.55626026184
2090.51378778248
1802.54935421788
1672.33986230505
1776.45149409284
2304.65242308222
2043.02439789298
2143.34523407086
2122.7554715022
2008.07548988112
1892.85833617984
2182.56309215545
2107.81904276267
1939.59930587546
2197.89552737573
2094.47245461616
1899.32466835067
1742.93848847272
2134.00050088036
1899.28061252972
1868.12400000923
2310.05294844545
2087.74553030731
1925.6262869847
1795.0197588936
1913.18700405313
2044.06891183656
2033.93172261759
1676.66167051898
1766.80570633625
2056.36439622342
2072.27418773037
1933.02477245461
2217.32875123414
2050.96951248245
2278.68794118388
1945.49666701933
2346.91727105916
2015.54669888168
1836.33226563913
1937.28788296256
1972.69581653997
1752.90120378004
2090.97507645473
2297.09537149852
1901.39860823636
1649.15838136479
1900.02842227913
2159.68202739995
1668.11885059996
1959.78989545483
1646.75112421638
2435.67046782477
1727.90093509407
1596.79106976822
2155.33464976615
2389.32554915814
2181.08058930886
2329.15431609095
1799.62224935663
2450.44856385293
2282.07814208361
1992.56239240317
2149.62022235757
1546.49299309253
1744.97469175572
2330.13850791591
1900.50354958127
2010.25606515883
1883.33923191641
2116.59112142713
2051.42008629228
2035.66299221756
2341.31298627918
1630.24619219683
2364.47407910153
2010.26140755913
1807.26873716183
1808.65378235607
2237.30852983907
2111.11507359819
2535.93160194436
2004.68803898666
2200.09350266094
2013.76654242613
2390.83179162
1876.88755181509
1651.01876528191
2559.00178460688
2207.14003437107
2222.69666691113
1974.12264432946
2058.03298174285
2011.5694929835
1717.78503543432
2502.8027845669
1906.61578625466
2303.4398770884
2288.30199359843
1954.22319218728
1843.99790287558
2062.20589317497
1815.06038846292
1954.86784865186
2165.55779939447
1694.96895420327
1830.21932944059
2205.12920546926
2163.88114005475
1766.87508040648
1907.08654428621
2110.2122383363
2068.63772992122
2225.67556449539
2233.16206698208
1895.21200222399
1821.26051153453
1952.39668609628
1780.60352777674
2136.1037245268
2434.50504314656
2088.49867501432
1957.80820153924
2036.98401633029
1814.60009340418
2361.18772369086
1869.23852336119
2205.35553868526
2269.82769722207
2344.65432460064
1700.89021494999
1856.52443826287
2170.59379040315
1916.47520970718
1766.13638120777
1687.11814560209
1973.77961870553
1962.7912755298
1615.10724605649
2011.83068929076
1731.25242396506
1772.68765101045
1989.17882979586
2076.20712184461
2261.72661477708
1656.38346488173
1760.88699236653
1940.20172788797
1875.11129578862
1922.01824292422
1862.67117649151
1850.36251201151
2039.04917225636
1737.88207836825
2188.18809002321
2172.9469432247
1999.23539042669
1907.94709376628
2168.16238650584
2025.99043880695
2344.10658343289
1717.70185227256
2007.29878150136
1864.15128625009
1946.50368773753
1933.04158889284
1984.77196610886
1991.17036005014
2224.967316439
2052.11237114229
1975.67538366007
2182.96044870597
1926.17165488178
2330.44937865099
2129.18042739763
1948.20834261622
2021.3808533287
2474.95572098609
2041.68597817648
1973.4469986325
1610.42513726274
2130.52845689549
1825.86414730372
1437.98727475954
1989.74584906264
1885.64767165074
2181.28259546784
2116.33698615776
2140.60677630919
1815.1265413105
1772.9475566354
1897.73278331977
2630.33546865128
1937.62727555614
1845.28605105584
1632.9096386544
1835.70348383104
2142.32784569342
2207.08459956408
2056.90439960273
1632.3698842642
2143.53680588418
2255.19406852296
1872.43291947712
2143.94854921761
1949.83972266941
1972.20891835893
2007.32783611172
2063.05408974823
1552.38714520286
2037.85365913763
1432.20146750483
2132.87125747906
1989.96678769963
2119.7304760396
1916.18271083898
2029.96527485593
2009.2906546806
1653.36260038762
1865.62754065167
2654.6633507541
1820.55425268008
1829.20403998351
2166.39217742595
1763.48649757065
1670.6439580792
1927.23662918351
1826.71308038956
1652.82091766529
1942.77872967627
1974.89114966921
2082.78621577358
2816.09964526873
2100.85827585128
2119.37394017745
1822.78826808402
1959.90700943926
1772.03843224854
2113.94570061
2093.59256386585
1704.62976789118
1422.51823213817
2187.7704232052
1969.44100878956
2005.85205868105
2144.83389999778
2435.4169919398
2162.76242912323
2006.43152236675
1948.4603859983
2113.90334287008
2123.88112864079
1643.86915613107
1880.38048257768
2035.88860080766
2141.47215176012
2123.31193987967
1938.5758128817
1991.55127063504
1740.10563271264
1910.03671122128
2205.67830651732
1924.32573718324
1869.1855474994
2042.19610779713
1711.31349935789
1852.13202726299
1818.68017970337
1907.54051641772
2080.06338142295
2361.29131681564
2053.38385433344
1994.79463062246
1774.23783782276
1950.88869781979
1959.58016981955
2060.13697520905
1965.77227155852
2270.49320182449
2232.68657035066
1998.47403326515
1798.80705765675
2340.24618385185
1804.86523187058
1956.53093826165
1787.61412769836
1812.02472493691
1791.52249421258
2009.70315208984
1481.53288142259
2043.50185028983
2191.91048393232
1886.25508638353
2162.8735495298
1740.66877867378
1758.06724664274
1838.33555455397
2453.83662633461
1835.1916725671
2074.76299732836
1912.22726542116
1792.16320268891
2120.34303929067
1714.24648817857
2358.55148274009
1944.02501053224
1701.46030489493
1648.26876380122
2021.4072471709
1956.42620054705
1903.73418614039
2170.85901409642
1752.56693383103
2484.89645168728
2226.55710269967
2339.31165399416
1818.91704900853
2052.36444332491
2175.7663171161
2294.00640072836
1875.89490952614
1833.95108844224
1811.48084961451
2014.13179741232
2043.89786943488
1847.68576941354
1819.0959124404
2269.42077235451
1799.14332857329
2084.37866741809
2161.83553552346
1960.57215147462
2192.14190595184
1781.41961859372
2228.91423682771
2086.17310871167
1939.32762096384
2061.29256864615
2132.15602649847
1892.77354109001
2070.65396833309
2003.47227697334
2207.77773840119
1602.4330297106
2039.20348121482
2331.3044050367
2018.16547922631
1806.85019766397
1859.68372399255
2345.57969051392
1839.22192415816
1938.31587794038
2142.56176322556
2065.7583209849
2017.31448619255
1854.31506011498
1654.30682586321
1995.09355566214
1920.67368717142
2188.42845071307
1661.72257357547
1935.20838511104
2019.19147898643
2053.85891454437
2053.65246213767
2013.73321964815
1674.65946544187
2099.57036676031
2170.24177833353
1549.27532064914
1893.55878399688
2416.80863841574
2135.08477018973
1948.19247567934
1609.15397371278
2012.02925916561
2316.7429550795
1896.98048175743
2093.06606886423
1885.5067455245
1818.95434940849
1620.01421322039
2144.04012787667
1872.86730659652
1993.95560676171
2031.16086217447
1390.87200276904
2224.1802229216
2128.49098376457
2060.39281453151
2434.71226271548
1617.16914792768
1826.48815462353
2219.19894957657
2214.87657107955
1482.55670734985
1500.17057955808
1897.02927461484
1934.2851491833
2578.07668450396
2037.57463735006
2059.0387234663
2374.13392187072
1562.37440739434
2214.3666033588
1930.31486891075
1803.97003429097
1794.05904714833
1985.00316850662
1705.2385526214
2140.89930129672
1432.04244899288
2124.73827860842
2289.66612967968
2193.82464188601
2145.12359685544
2141.82022036462
1545.07556201304
1741.37832526569
1525.79754452135
1896.93262047451
1765.04857840132
2196.08273948895
2362.02865671303
1726.35521993964
1888.77401039238
2498.17375134255
1739.26268153037
2030.9825703039
2136.82666448382
1982.92601197335
2146.70834652176
1819.03393928513
2023.24665329498
2231.61357974608
2030.01617222057
2256.55673965162
2134.01117664285
2216.32218156611
1819.02996635486
1517.56486968493
2012.94109747556
1827.68794264915
1851.08078417224
1869.54614830834
2211.1841509709
2118.60868698326
1932.41554502459
2228.31337153621
1938.43894269905
2047.20964162975
1558.80689253867
2016.09089960695
1957.04685085156
1838.17222195469
1638.85237121309
1840.19867604715
2033.27248118709
1930.71199038357
1777.72996468421
2169.40588160901
2313.48963289784
1959.37626367733
2126.70532619698
1834.81487355071
1882.98547995804
2010.5039983696
1850.08083828985
2083.61481412306
2133.67029698839
1941.75808019864
2088.91231197464
1772.91415647144
1884.08718063265
1882.22018061761
2101.88538768262
1770.08759662175
2211.53995848973
1699.16436117492
1598.62355279805
1746.6272487397
1924.23500616446
1987.65650383427
1536.37444958716
2242.97765037722
1758.18946289989
2014.57658074335
1653.50533012892
1651.84717128103
1888.01658830831
1776.87595617535
1990.54470655244
1936.46032642511
1354.02860404436
1802.93635450528
1923.00320105607
2097.90928745166
2243.62880662298
1416.19634292281
1830.82358078123
1731.30179536796
1953.79768976536
1754.09555958651
2030.54437465961
2089.2377273449
2035.96969059799
1921.85777436472
1823.07260314451
2032.64665642217
2319.51202783816
1867.05357949945
1832.5143507151
2050.33150288415
1952.73420298991
2153.92698119203
1736.44139394435
2419.08412003238
1965.51461207547
2008.04825539066
2161.73346585167
1865.94875763316
1792.91275651326
2214.40775555137
2502.62323605104
2263.83731836807
2060.28163317817
2272.75461414918
2137.68236806252
1791.5522860834
2126.25448588467
2214.32090716732
1948.58149957372
1733.52961081547
1918.36875229606
1738.72517510219
1968.11398684194
2196.45246428522
1887.3497328085
2071.74133925947
2163.84468327113
2426.14445032421
2218.88269553
1987.79873590502
2127.58878753234
2075.48772769948
1727.57758003796
1835.51950300253
1907.4981088558
1555.93512048375
1928.25572459796
1737.35923114434
1662.41941179864
2195.36206929643
1651.24480090084
1726.76543763488
1923.14731400512
1950.47948479364
1626.42571504532
1922.09333199229
1821.02763970019
1998.60898231566
2278.38954266654
1964.08303190375
2019.19145707922
2254.72969216929
1740.5746336288
1810.79672430323
1925.54388227991
1763.81018428452
2090.27362268507
2122.4616515327
1995.43100241535
1693.48522667089
1782.53999411525
1959.6544665543
1985.93348677941
2004.36126724489
1889.63678086437
2288.63784292584
2324.03367246015
2007.4690255528
1905.70598396024
1800.94648904021
1798.33217523859
1595.48715854226
1742.338373996
1639.28398823784
2121.66536561268
1876.00916060673
1463.50738136651
1590.75779435632
1845.37889541443
2148.24394275181
1772.91282914535
1876.91151345933
2405.49643638901
1959.69683282958
1552.36244750412
1662.03744500573
1731.7672166446
2034.99830384087
2339.77086834233
1873.55109075898
1737.82388826177
1801.65803799946
1529.44131087728
2069.31776132376
1839.10627466076
1814.12643427628
1949.27916447788
2261.89938928318
1782.00233338449
2121.31050166864
1863.68104497063
1696.55046251915
2311.51513499293
1871.11041456221
1682.67590815545
1947.23475380729
2046.54256380374
1624.81036317019
2028.46909672963
1934.16712652753
1956.6389721452
1873.42481454352
1975.28550915302
2050.87188614987
2380.9473353351
1678.1602988202
1790.4192912144
2265.27361529398
2141.92418588702
1838.84850638955
1935.15263753544
2139.51047808555
1689.35502185175
1627.07294245468
2000.12357491969
1905.57603554546
1790.75662511556
1853.62255767727
2335.9189107128
1568.25281923522
2293.45596655746
2089.95622367452
1530.428027101
2500.31020103546
2260.88241984757
1443.10520733632
2043.85350048817
1897.57246602967
2139.34648891452
2267.1864594518
1344.24236344971
1986.91462783723
1781.53378129431
2442.93902350077
2039.15729628131
1844.61822953786
1905.09817569969
2068.03330256285
2044.73024914626
1815.62337118941
2129.46696036291
2336.69836583379
2107.61413692103
2039.91687405275
1807.5087361775
1975.13226104884
2224.40590346973
2006.86248004236
2016.50604412187
2275.0680861029
1869.57313180155
2010.31409234981
1886.70993503883
1602.87117916281
2059.30284982218
2086.54739267463
2099.11615555119
1912.4334268617
1820.14978941746
1845.88213599916
1826.67656378671
1770.26106205735
2100.59283152431
1821.62579646506
1716.8851017312
1772.90013888662
1362.72415108253
1722.76652426186
1820.15010998284
2361.72640739574
2280.30551412778
1992.26055161353
1804.0164711807
1859.31285969781
2327.29037833961
1877.68106002688
2232.61662358567
1931.64977538684
2155.01123235712
2108.35764192089
2192.07422148898
1591.41770929582
1817.03828683932
1949.64527861791
1895.53578580786
1958.49255693106
1610.11656238023
1960.17060087861
1844.5201318372
1956.15098794416
2039.0134864329
1867.78854235169
1726.72882378086
1846.06941755962
1712.07521562554
1920.18141783666
2065.18676045835
1869.6974899068
1721.77786571994
1773.89610882187
2665.92682809912
1832.99847422213
1820.43460125804
1630.71662693804
2021.65715843633
2227.82177461479
2004.89127738865
2078.83479957582
1827.307056152
2436.78957352804
1799.97121048642
1735.37436270276
1729.70832266979
2351.11388133678
2313.81612590263
2153.64643500869
1942.78453952924
2297.10091020091
2091.80306651164
2533.69616788961
2159.15158172165
2076.10286776587
1953.64250527309
1985.60436111271
1892.04791238356
1808.04125144426
1884.46184306634
2369.65763266029
1672.60295034118
1794.41932736883
2013.6107326302
1380.49711186733
1676.77710639276
1751.36317775027
1869.33248553497
1920.8508479911
1351.24292811859
2424.71905074999
1772.05104811193
2081.2937657072
2033.72682079295
2631.34570983077
1906.21211056041
2217.76424810579
2081.83845602502
2006.38812377416
1919.52889038683
2294.46901497841
1834.61900755665
1597.97255312144
1791.12536272348
1771.6558817096
2260.95673219271
2460.15590829995
2069.35433912874
2284.53431438635
1784.94391417198
2013.48280079354
2284.23798898431
1782.65866433274
2519.20658324827
1911.53154811391
1839.07060904207
2120.98664085348
2103.14278949321
1881.99088283812
2011.30889045125
1662.90423422783
1803.35047414403
2034.30940284446
1976.63710369704
2647.5544952969
1999.56846888654
1845.00458632699
1455.73014107695
2363.94935936926
2035.24734563317
1761.44660439529
1770.62783369362
1884.09582921106
2075.95568313622
1601.88170311251
1841.86512802459
1976.7629403899
1956.8174997672
1969.64750800811
2462.37186356446
1934.42513596369
1699.79127572975
1879.46100382211
1890.48422543192
2080.84531921365
1785.25230564282
1487.11591980308
1992.72841048103
1609.47452052883
1765.72758595579
2056.42669709196
2211.4540432815
2335.03774708881
2359.11731277334
2043.27160303893
1709.85204389536
2477.73804833456
2138.54039576904
2317.06898002406
2004.06936658814
2253.85313361751
1815.04870239237
1801.65902921244
2058.73256758656
2186.98077770002
1699.09810855433
1604.00618379954
1988.02819366072
1960.1994934972
1763.00036618465
2015.47890969381
2071.96069728456
1945.88350461376
2252.26243026559
1800.29579455435
1902.17804240118
2093.93918794565
2198.82408874437
1715.86683366374
1766.52610494749
1783.32146845032
1926.18318581771
1801.65702278284
1437.6756330293
2115.69309236812
1731.76264847372
2174.25701370928
2244.31116818835
1987.38154175216
2216.04582479407
2169.30385474784
2245.01242696495
2064.79974479873
1941.8642359594
2319.68127015162
1996.40107047884
2059.23074361505
2059.08124698446
1998.40949454865
1991.32405822281
2163.75685508398
2135.14636794377
1682.2887527524
2350.90171826317
2023.71155529457
2061.55619410932
2278.3631768724
1913.35397735613
1893.70302529579
2138.26625267516
2086.24159065591
1728.74791223706
2069.23162647711
2050.99686497392
2485.53396462207
2396.38831668683
1860.17265937938
1925.15365410746
2107.26543315691
2514.99408712141
2127.10470582613
2466.67938125084
2753.76785430033
1911.36920067289
2017.7990360366
1677.0170893264
1847.04926487418
1880.99369987843
2094.25531029271
1981.40423807835
1638.84999218136
2188.72441438755
2119.54230107909
1893.73987102457
1996.50596903049
2194.57522258138
1731.73106602675
1908.70757694921
1928.58893419955
2095.24119292589
1847.51569748253
1909.97948757038
2096.15619178477
2047.41766937169
2131.12466489036
2068.67686596521
2221.22306953381
2031.53043119648
2051.66268052786
1875.18991987636
1999.36752928761
1528.51282366537
2100.29668278583
2233.35741513025
2001.63000377052
2330.42622980794
1757.93886229797
2214.71940884907
1915.46980968826
1859.46528363099
1909.59996146827
1864.16553750283
1695.00955046344
2335.65753775329
2027.21459139289
1672.17418223249
1810.33580456034
2089.38401230462
2325.43599988917
2214.16227332978
2084.32107074346
2024.37715256389
1861.28724963411
1961.34387442924
2153.13705778434
1940.53986588133
2181.53746668296
2117.78813243518
2260.48510377442
1887.88643529062
2177.53592180738
2018.76575670701
2026.85124882779
1963.44120828662
1855.06909873317
2571.3844520303
1947.03531308568
2573.25977502622
2207.08223901457
1649.56712854609
2093.98114794892
2039.00506767382
1982.90829985451
1902.15943224114
1884.11009636849
1983.932976394
2003.33262929105
2073.72973765479
2181.75628046202
2070.10576392659
2442.65016657781
1763.52893521214
2137.47575458521
1649.1461032941
1979.35431148547
1689.26309198382
2128.20024765862
1867.47870370174
1989.41419941188
2049.49002604843
1803.53676914234
1880.75096160523
1663.72586686478
2338.85867040183
1744.67371381909
1975.87102373156
2239.7724447009
1742.87889500133
2438.73954116743
2594.77781894228
1705.26818829182
1502.30022921837
2152.59209547735
1961.83406694867
2049.99668045071
1658.67134731777
2478.3354984467
1657.00031710284
1877.04340430212
2177.1178066935
2067.88942674037
2148.83716086157
2141.03377344783
1883.2758995222
2359.48747257659
2183.39311932985
1976.04193681001
1545.02714115761
2180.83186699358
1769.78867067293
1942.22085336183
2180.41749517582
2231.45515516548
2163.0322381534
2430.27150565686
1914.20391938089
1944.06230145338
1950.59564156199
1896.41510577116
1976.57949150997
2219.98336126899
2223.5064360602
2533.71594930292
1930.32786485733
1629.16190951791
1709.87345216918
1885.79995783584
1980.63269840491
2400.35473328705
2158.36330373603
1951.89397771244
2036.06448946104
2057.06467748642
2353.85184399435
2037.31883156155
1933.78017192095
2211.36174268872
2220.67210842693
1968.27374600062
1984.68317520398
2155.32805981632
1586.51909729693
2150.50515061531
2063.37405703825
2016.58727089813
2093.97434755824
1785.00807865938
1996.82777148252
1955.96231937848
2132.72908756466
1773.50627292186
1812.89002733038
1781.17099647207
1955.78584503522
2085.83263028064
1900.55950021193
2100.69094174224
1820.184576951
1822.31272977482
2087.22228608131
1798.62578548644
1780.2137296004
1809.41729952129
1875.19937738725
2196.84037894396
2064.86219451562
1870.58248875231
2506.2219739451
2105.30983717403
2164.01123926769
2199.36985397737
2026.41531147624
1991.9649599631
1808.35413572051
2057.19169195638
2261.89137195245
2139.44270197849
2011.59726152674
2139.75479146929
1980.29817783536
1847.68072473199
1742.82787155984
2038.15943913258
2046.65437986811
1971.76663756808
2245.13581441364
2012.93647374723
1634.93563281677
1890.03149907998
2004.54553886998
2280.38548825129
1935.40021304606
1457.98904258746
1818.25809271101
2111.22242899078
1919.91333969809
1918.96770486206
2202.65747639538
2284.74462706894
2386.84447580212
1702.00117377137
1979.83270734952
1617.80939972445
1870.22364420105
1876.01649411731
1729.58218921292
2137.63791712734
1684.58689323543
2183.53600898474
2102.37477601048
1904.29886521046
1963.16991841368
2124.27609664829
2054.44043448415
2188.56441578528
1934.56436662015
2081.55915181573
2098.93302437434
2182.251106471
2095.32746181654
2036.36089077702
1886.30731454922
2085.64429631654
2076.33037282513
1895.61626489164
2166.97379826394
2104.81482002891
2352.74241778323
2256.70801808199
2000.95352903903
2652.41314854247
1796.82000673933
2149.72039327243
2125.08173961563
1799.58314868757
2055.24980036797
1662.94868233068
1904.51818209424
1991.24281255577
1493.93645212225
2015.53626527056
1287.61090914883
1563.65676193211
1982.82289217914
1588.26731203857
2216.88208020044
2138.79081361096
1924.46111871353
1493.52605365773
1436.76668931134
2106.13817121647
1653.47813612576
2336.14653647115
1678.25642583841
1975.26790891412
1871.17654391275
2343.35587258449
2077.01385355385
1912.4750331949
2067.61317805479
2059.44656003242
2350.88023149145
1677.70575126772
1960.8128992959
1956.37126682217
2402.93909959089
2032.67245435579
2026.10320971903
1914.01848912864
1904.546029081
1981.65493281865
1883.94767591522
2169.08107419824
2009.78687839387
1973.04603467224
2072.19767839395
2279.73319665727
1447.55123837137
2118.34948929096
2016.61194999454
1778.50123549389
2025.88079139509
1620.64668035425
1478.8865248046
2053.05613848104
1549.15302122546
2159.94928805859
2165.18063841827
1950.14305304113
2069.73029740254
1857.80557074325
1879.53991433921
2371.90382042878
1763.07363923221
1888.48015476964
1752.98429744001
1180.63947079862
1873.21140269781
1985.95844667566
2052.30861640662
2240.65775099435
1724.55110444913
2094.40482976891
1930.21622419644
1772.18873177501
2322.2938113474
1988.73149087757
1911.98125304822
2143.06863182392
1805.27728492924
1806.57933984306
2106.6787220351
2187.39137181439
2320.5185348394
1686.68641953191
2359.53561606146
2256.88157323265
2012.00299049802
2148.65492882557
2592.12978050977
2498.73335680137
1780.90709759567
1747.4986507675
2050.08220892754
2023.47974455611
1960.38385661786
2033.04136753773
1749.3415634803
2350.33623071279
1905.53334699956
2093.45655120883
2198.86629033981
2334.74391626466
1576.94718465118
2338.68415823528
2083.58500082618
2160.63731805267
2004.41610489031
2183.69762694033
1630.00085993965
1855.66742674776
2530.32619386258
1621.19385191246
1875.75852474458
2405.71892519367
1719.80363309716
1740.70346508982
1890.52090050974
2030.65310605872
1873.65664574392
1449.65417898761
1580.68114288126
1934.9344535669
2288.27359866617
2126.8586006051
2040.00306063309
2259.6620721353
1764.62976854684
2122.07535913678
2444.05665703643
2355.69711869378
1892.97549918144
2096.07650296304
1908.39482026053
2045.28202719212
1681.0594674342
1790.15144551308
2177.95877240739
1920.0004203691
2354.98760200726
2119.09665014971
1980.36596316478
1810.0867012409
1898.77547923006
2125.04485398713
2406.73416936948
2159.67138008553
2155.95489292319
1838.23104163935
1688.58326055781
1615.00047724337
1930.42215798721
1757.47460144201
1843.53990752018
1791.00747047403
1991.63318648522
1873.0274510196
1945.54517674567
2056.23952486876
2320.60681313879
1806.78403964204
1893.15421623852
2175.70518055373
2023.30287815327
1695.52033983078
1920.72129189457
2075.01187849103
1956.33362347296
2233.089030324
2606.02817221725
2564.22453451087
1811.59382029881
2020.12405480241
2202.72381920851
1850.43035629724
1918.53124313727
1692.88545170853
2143.20907772615
2018.93467271279
1829.30329865794
1741.28413454187
1746.6195219843
1600.93797637274
1999.94661231507
2046.55570002037
2140.29642754918
2281.29240224478
1439.43028825092
2222.17053342686
2489.14569568344
2104.37585863461
2073.40038655456
2850.81117826484
1684.49425995396
2174.90785423891
2008.73898999596
2523.66015249437
2175.78355899556
2159.14352866678
2247.05507316887
1627.71735990367
2093.76101171582
1667.83797382962
2054.04968568771
1927.82557815232
2402.3312568456
2312.09869317931
2412.34437714465
1997.07765262566
1941.94799504131
1446.94936666892
1961.23085082696
2020.80657795799
1898.56561678992
2114.91294307021
2293.31693218202
1524.56221328236
1955.5616800345
2156.69955932934
1973.04665204861
1904.88534914839
2470.90590877263
1675.04981427724
1965.90929932843
2279.92041536647
2070.64359541193
2336.5798893519
1785.64459056059
1793.30496353805
1953.74982114158
2123.3496452695
2110.2124996225
2113.73020951156
2243.62375521615
2259.50360931182
1892.0663914214
1701.20918307461
2102.96162156925
2050.27391465582
2149.05003217878
2092.82909452119
2468.55163491798
2452.17515423957
1815.59343028139
2277.97206479015
1258.80354287073
1974.12780126639
2124.77332634069
1434.45569981024
1697.80256040495
2099.21529109522
2327.95062554101
1762.51271996791
1771.51308305801
2201.73335961961
1863.72668400165
1710.49268761216
1769.66177150891
2426.85778880075
2187.77545696195
2043.90160598979
2521.93255980926
2410.28121250639
2156.99439515216
1916.06620450151
2188.94103803389
1891.83054803452
1898.05008165488
2169.39848719809
1979.07678744124
2303.27210529709
2063.77752189053
2371.49726605708
1790.82499232212
1937.65823657928
2170.95538149649
2386.52034974529
2104.44314564706
2647.32421353727
1631.81022463488
2047.14963697056
2365.62877061913
2108.72495524277
1678.43409866092
2284.25595474009
1821.19851282643
1933.70786005112
1988.08547773981
2134.22502222772
2062.33167432948
2236.6288856847
2665.18331964717
1938.1256508387
1807.14388287849
2284.42701110973
2111.01203467414
2514.94582504134
2089.26522282945
1735.13101010383
2219.60334496315
1890.01160867832
2403.99875515739
1890.02808190277
1802.01736274661
1640.21903228882
2056.92560065062
1865.51417706859
1735.59272203257
2253.022836411
2039.27352194278
1999.6875023831
2263.12534530243
2747.82285196282
1991.54136296823
2247.28602094994
1894.98038648501
1815.9348821254
1382.6469583435
1655.86794484848
2019.86573659406
2253.87603991097
1855.83718157533
1956.73573432715
1900.56071167588
2344.21922444291
1717.77039419573
1916.58035628625
2031.84817898508
2092.59493836779
2238.179295449
2015.99179781496
1741.97857256849
3724.59817158398
3012.3906223195
5350.68121591283
4173.07583919383
2883.68264941382
6410.54812651053
4044.53364008137
7780.00276583165
5058.78139543026
7302.64215001908
4733.50830175171
2071.22097212617
2858.31037519096
5795.20403601757
7450.38705605753
2317.8107859901
5649.81549173642
4605.11972448301
3317.24311171337
4861.86991708964
7106.85551721053
6504.03379770261
2996.0519600815
5684.04366762059
2902.32525824115
5395.93536918882
4782.46136365884
4543.01039323204
4616.15201152358
5474.74398302565
5048.86716740098
4890.00883789078
5552.72507712302
5858.03057157113
4745.13548607959
3540.72498228906
5371.90274078482
6780.9848269927
4375.52264854064
5190.31646828507
4071.52339224791
5454.59386569035
4615.90647239995
3124.75191598034
3943.57066333946
7821.06226333265
2727.0323988791
4694.43642208421
7257.19179346615
5707.45501836791
2902.02885328629
3821.79082611375
4716.37259934391
4166.11324206596
6469.94980943188
4807.33242681529
3057.41265460446
3613.78497591858
5842.61832904629
6560.04888383757
2543.06467837639
3453.73134046784
6065.63601532601
3806.2411920706
3946.69699767473
5595.96701609338
5705.34199421973
5597.83983707898
4487.36148660781
5186.5461467494
2420.73415248703
4111.78939902762
5862.52456553518
2822.16644252973
2325.84058380804
3720.18782629465
7374.69901261946
5622.78748178497
2631.6175762642
6121.52289287963
5082.61532266781
3476.45393916575
5039.17852189665
4075.15734580153
5323.54894499505
5160.23203993176
4708.92621322886
4156.60198859937
6567.48594915953
2698.37941175749
4819.81561678252
3497.22252197653
5724.95124404426
4023.52108898894
7066.11358273674
4342.04161216716
3789.98225051779
3539.52957461057
3365.87474420829
4463.92058105094
4021.82916162648
3653.11249111206
7716.40246314282
2870.54546049213
5755.8125952967
5201.5983078443
3880.04843256644
2456.87388161589
4143.38935380546
5142.76399105123
3688.82702883243
5398.67040701017
5104.39762810035
3050.41060469252
2679.32119159282
4744.16985635129
4282.51808918525
6282.54122504231
3558.15829296749
3279.85221833141
6387.46898510809
4937.59255542929
4151.78948874688
3913.97607735816
5998.62788108936
7054.25457523115
2163.61385404224
5529.49660332375
7468.11943859608
3850.82229591549
3474.91489466964
3759.84829791287
6321.93067933878
3064.81367632064
4075.03874803372
9604.87823307757
5107.21074550818
3594.91181552017
4443.71836491623
3027.57253533461
4524.86179777176
4907.84984645374
3866.90227729358
8435.07525935652
6597.27869668096
5092.17982791059
5240.47989869433
5573.96455609212
5709.09962636019
3570.0891874517
6366.06792576914
2734.85110905903
4047.55812548701
3406.80376477759
6973.64637463397
2676.89773628623
3930.0020970822
7019.39685177916
5119.71182250572
3189.20815907793
3617.49858999144
4772.61928294683
4724.62355096279
4077.67598173128
5820.50297956839
2491.87343691992
3396.86347191425
3726.71475940828
4072.11774105122
6168.24103072284
5222.88335086765
3186.630415542
3872.46986701864
5054.08117239577
2930.13297636731
2954.24965612427
4647.54786063815
3800.55668766382
5240.36716881126
3316.06185715801
6423.83755211288
2420.1754162439
5820.65567417783
3745.87463123876
5201.15043221726
4091.11322317823
2995.79331855624
3165.12780651807
3536.46572612901
4679.05635457446
3924.33195299695
5843.16697459964
4583.92018879097
5523.02782102936
3868.44497592969
9755.10134556586
3214.94719536571
3547.1647889387
4196.01267130239
4797.16344289869
4949.67080525096
6629.66823194829
7631.64969271678
3875.92916789467
2592.36196581854
4570.18094426283
5318.23936174745
5778.61157938149
5371.91873433759
4667.42815407176
4629.90193556154
4258.04760465627
6770.09141813277
5609.19779261285
5459.49771657802
4423.34118738329
3068.55360962358
4959.13099123472
3177.77266390022
6383.71329117087
7522.92653508506
4802.21611323537
2875.70026933108
7998.85516526699
3544.44281481579
4798.89962895213
4930.80384737203
4639.41168254741
4979.85913341055
4112.97702217364
5691.1436498893
6536.63053106321
5005.19451819803
3117.72344320399
4024.72097272183
4125.20575479811
3634.39698481817
7168.35182979563
5903.48310894256
5362.20726704322
5956.76042062294
6117.52784321132
6966.36593070072
4163.07518895733
5993.75545661496
5311.0795078183
5209.04512109802
4576.10076752082
2508.55056081492
5514.04486593934
5064.06371501814
3032.95061586429
3086.47280604318
5358.36158423599
4864.44686100365
4412.03375776122
3222.02346513103
5659.93625371451
3796.31073454364
5849.25376399691
4001.5429531161
5025.31916233979
6596.90166172942
3878.1273204784
4821.26250310334
4684.71647482764
4593.4446842119
5383.20129431099
4850.32008512706
5817.56052258844
7330.76516206341
3558.72008460856
2344.17699826932
4952.08135092302
4734.73102076208
5801.027155523
3928.72694677533
4436.13435275032
4691.2523893259
3485.41830590246
4330.80009545923
3867.8652363977
6023.83790790472
5596.59751958499
3327.80855883624
4067.69979063775
3371.97475401595
4312.37398551221
3368.14920868473
3706.65538465017
2945.86491511491
3660.83508234974
2618.16797117087
2687.30204130074
3527.3312326738
5207.64306708638
2478.65039659158
6014.97129673622
2888.87673034892
3182.77524359505
4465.78206134814
6919.92407757427
3879.72753095554
4677.49360798131
9538.93431445593
4617.28902511885
5615.21207378068
4294.01480614616
5330.84032329829
4824.70643017062
4103.65009233898
4997.54950528118
3271.51929122188
3988.12226870345
2341.99328661281
4561.68510124309
6942.28306663543
4902.42279688707
4935.10799226764
2387.91317226208
4636.06787876344
4093.1662097935
6126.09545554393
5744.65253048397
3411.85689813244
7057.51421761861
3781.32288176761
4227.22399889402
2923.8271918093
3590.88747578201
5738.19834379365
4503.71743530404
5143.57761321009
6214.04709176273
3935.10256672803
4237.02773187733
3974.09883803636
3157.95295131676
3225.27232073117
7231.4884394643
4602.09955124365
3686.18622914789
4819.2935567348
4416.63424017969
3683.11741624667
4779.98889463234
2906.33568705737
4661.60839063978
3704.72352018209
3666.40589466696
4401.58042254472
3353.42965460947
6198.76331832213
5833.02778522603
3930.92350260597
6953.56177874823
4610.20608005909
4542.52748835096
5809.08438992766
2530.08708594491
5098.1128999028
2608.58125898633
2530.5709184008
5808.68776327399
5847.38491915385
5653.32258597447
4771.93331472251
5445.72006330388
5817.30195663454
4133.31379341141
2540.07789702785
2905.29669569603
4103.83556813737
4423.45191796802
4557.70366279217
3867.50156192029
9010.31310835943
5940.51029532387
5938.55198141682
3216.39370210264
5154.50219878197
2650.72484639639
5375.4169933547
6872.90133798039
4530.61445005779
4488.12982861993
3900.0458533675
7164.75167703884
3775.60580028463
5842.83749387578
2547.08254630512
5169.81880426462
5084.21133602306
4440.68807650235
3655.36181598524
2831.73265751473
5093.64033238132
5264.25819769784
3941.42476628903
3234.52352573009
2153.96720244129
6558.20690322568
3005.51287202121
4531.6620502843
3948.41811757099
2649.12812379979
3393.81956144413
3660.26724914278
2455.49879568818
3347.93863401014
6472.44123832925
7119.03087646986
4692.77087428767
5805.69035140777
5326.73425863278
6219.8407846044
3708.92817446229
3482.24318936757
2533.0194555043
3078.13976240744
6141.0078647311
2746.5089216707
3135.29729705429
7085.20960801475
6306.59571939463
4901.87757334059
5607.3029463013
2832.98310118464
7078.53543006591
2519.60668493546
5474.15587913161
4579.3435947757
4511.42255533328
7294.99597594924
4019.45144768658
6623.46533919828
4307.03276044516
4793.66581750744
4113.13307893634
2793.54226908251
2513.5605869903
5025.01428042952
6939.13984768608
5157.19693205108
4876.96666778499
6669.57505507732
3969.66497257049
4651.29345140052
5064.96343937252
5990.95623205002
4607.32674039956
4390.32899375396
4415.43693467885
5067.06515990557
5516.737934845
4825.97749908086
3785.86339220049
2990.28613349545
6131.14155036694
3411.37296145103
3986.20692504812
5713.32779117066
3798.15980050106
5651.29587935026
5230.71980752171
3652.38460406762
6316.9647528653
4803.40288854992
7576.69422145534
3732.31232418511
3841.01937859884
6386.48636026147
3046.76613801869
4478.60624919299
3858.15997469324
6241.47857820517
5842.95450431113
3804.37236647201
4383.75160390523
4720.26816025443
5699.56539393451
7508.90422164385
4746.27406767984
5507.37847161549
2626.37035842242
3828.19801412695
3127.53810771804
4903.65962851884
2463.18426776674
3914.70139529922
6891.63989222665
4493.39569559701
3452.95005041967
3616.86687884421
3401.48205171143
4537.8180794262
5357.46031089874
3987.85040135679
2906.85518941456
3674.03407726095
2440.1538451481
3577.1456479066
4178.31345256724
2750.71514902983
4542.53383443281
5874.60386439887
2948.14121545704
7503.97065414949
8051.78856660998
4277.63767438528
4317.31042559404
4495.92452700783
4227.97835585015
7551.29631916172
4332.17944118849
4828.16254095257
6301.48859657935
4170.73509333944
3602.05031351133
3576.70335813714
5729.77439412928
5136.76227584506
2646.24878008033
3601.40908324727
4552.43880729712
3816.15218838906
2395.14607256097
3604.65012307157
4418.52852643338
3877.77704045843
5399.70294221674
4653.25074654205
3211.48994176158
5403.01664326138
2864.66421391138
4853.7598514086
4157.33408712345
6549.0939057187
3601.43909395178
5102.65417718728
6628.26097411175
2513.40561341676
5691.20772296183
4947.1873377189
6832.97711142981
3811.83503642204
4319.41174271642
5177.23003050832
5509.8758830394
4608.6105592303
5909.59116331986
6661.55449697952
4447.46869883572
2536.55382001664
5927.98955980582
3838.00538822966
6399.58366512823
2528.20103161439
4551.3554394145
4387.66989376244
3832.20494799523
3552.33178468299
3004.51157214814
5005.81071842272
4704.63301690788
2099.19392679569
5633.9537965777
3537.02867266825
5621.14353833113
3826.80658446896
4317.66411136759
3344.652416275
4871.17796353756
3614.02383214595
5725.14910578557
3751.66907816309
4803.45221022147
5647.69588268785
3584.57658427341
4329.38035900832
4381.16341523733
4372.48980320444
4539.4388722624
4610.73676983905
5093.08605402929
4048.2264389579
2572.77386187298
3856.7192331374
3303.83184855281
4258.20034159839
3379.66986333613
2209.08630476131
3968.24050287054
4461.85426077984
4013.07405947785
5444.23010551527
3643.73344213602
4207.62230568416
6994.43205715994
6093.26015997777
5628.11897821134
3607.10781045366
4055.62449339239
4857.65263595902
3513.34750590331
4392.25899615089
2817.33368195791
3639.68011438987
2749.05509482592
3836.658970467
3909.56331227179
5588.55477387421
7378.56248006921
3329.93818704861
3647.29340759738
7130.91046084308
4421.83189290075
5663.52651384084
5710.52073208533
4113.0712834379
2720.25422454732
2223.8764798976
5595.04426117188
2768.53736123197
4713.75206659711
5114.5574970993
3831.343372134
2906.26425234898
6929.54733732205
5227.23501687909
6170.88964438677
4578.49560076118
3672.93772659372
3976.19189935089
5382.32687537292
3922.4863437286
4091.64791544692
4943.31190562357
3562.35857121373
5279.05879372973
7015.27661515068
5478.77694490123
4336.81158962767
5267.16078564057
5374.64839726325
5779.82850764667
5104.47576662557
7477.09671069586
3037.64750472858
6488.13920847321
3634.09596403392
4097.18357047544
4004.82455521724
5965.53506226426
3121.35569823198
4146.59813906328
4446.35365763665
6790.5546487776
3670.57275159663
3843.29197344631
4948.44618312255
5744.63691404282
4537.47222227633
3428.39328687964
6799.32411734168
5088.04257026971
5647.25619941785
2330.81184447908
4199.79657529359
4789.96483745507
6948.71827940424
3179.28337975724
2745.30653621858
2814.41157905806
3948.71377921663
3631.25242758385
7608.76291446896
4884.09299752004
7106.37541645701
4766.64643934443
2156.61856327018
6959.56630049688
4791.70617852841
3515.19313742741
2740.32172334304
2655.4627768263
7438.85322353289
3292.59389380604
6398.27355833191
6954.13555200832
5582.53061268545
4439.70168352485
3576.06078469673
3988.27376183671
5426.62072679201
4377.04926584016
3418.01522111441
2831.56610592822
4225.90385389235
3507.26393079592
4744.46192262156
5000.9788060315
5297.36699986223
4610.91792868941
5321.9796846689
5372.81959176642
5446.87179117392
5374.81486314036
5914.20000916568
2836.92113545115
3704.1811819824
3698.79153835061
4685.64007470576
5836.16912859625
4818.25096521828
7574.41903694335
5055.23012039851
5100.52617242954
5224.0275399475
5149.65084285293
4858.50979611084
5749.16485155189
4790.39554027191
4084.09548389807
6313.20839547968
3973.1544080231
4096.78494300411
7599.87606926103
5506.56045645699
6609.99519036909
5723.59306014733
5436.99587143888
4413.64323326509
4083.57284921681
8825.99543337178
5531.8799684414
7914.418547343
4480.00935320902
2934.59315321476
2475.13620444033
7702.94819867987
5485.00335219812
3398.85114941806
4204.34036508401
5357.39904020842
4910.38192672947
4974.86760443431
4966.71866179923
4081.2044066752
5442.62230651422
6681.78830773717
3494.1955602417
4717.52132039821
5613.04003203129
2745.38972786538
5999.59030231322
4324.53312879754
4098.21428703453
4017.19775165727
5730.17246677761
3770.60487876241
5345.02162754735
2400.00941062438
7408.53239134964
6254.77083334525
4446.20672001821
4348.33163338968
6109.60523253952
7468.11357565217
4194.34707756849
3863.7201389924
2882.0288117662
4218.50504580843
3742.82103875543
4439.06702700385
7091.8156304911
6239.14074451604
5749.81579828557
6159.654484864
4175.87286603086
4407.19341109967
2878.03999155312
3249.26071821783
5811.87778897254
4551.13306320506
3392.51920803952
3751.39134914804
7281.87441018884
6271.96838356222
3949.55582984195
4028.44585341649
5104.47102371972
4403.85059863877
6601.85750168341
4575.79289801255
4542.79545848356
5044.19325867053
4240.42908357674
2907.58001159318
2185.03221429742
11686.1668590384
4550.50323747018
5651.72050415933
6645.93349628026
3352.7380350842
2951.85717261725
4119.08271481211
4593.52592759885
6281.06009301539
5566.28554811025
3881.67425034092
7571.98383693917
3075.22071571874
3513.21304587976
2821.87179983139
3544.22232188668
4081.25962611253
5019.31358606314
6984.56919992512
6270.10554974072
2642.24862416107
4800.900188647
4453.15496666355
3830.75335697644
4091.14580934889
4178.82703231858
5569.02783857784
4361.37745669281
5890.848684867
3506.04842499305
4783.62147317045
3494.44069499492
5701.32688332674
2695.72590127018
3387.28603735483
4016.52545061391
3920.56135951841
4411.12324363
5901.89070744656
3703.04905721002
4841.35001059561
3131.22068010922
3363.78251838143
5604.28818775877
3986.15461820347
4162.28032178991
4121.04219572846
5249.19718471103
4257.39574839916
5670.41524989523
6106.68348803275
6570.14140294847
4216.60017494066
4696.84773905109
3219.85762210602
2387.52531608634
5014.30672979403
5326.99241359221
5449.40170823543
3229.68145547921
3969.97237731137
4152.25013619393
4301.13979719452
4408.22705292932
4572.30338237348
3169.8154971418
4550.7106111728
4310.81871948454
3544.31739143504
6800.1021674517
2919.35167571077
7704.94097748722
3190.53205699441
4597.86978441871
5969.55694866451
2723.42352766027
2977.7058381614
3492.85383005009
4857.54435807064
6931.15519359865
4245.03015248775
2852.86246419956
2861.20496727359
5690.4727798582
3102.23068317046
6770.29500780586
3811.49251233873
4941.22068991731
4337.09486718064
2805.14946279471
6387.37127967782
2452.33541148739
4677.05617374641
5539.25047908994
4648.45327690123
3388.56348549362
4214.46317913969
3476.7798949717
3638.31219291311
4302.85017240985
9248.84009159443
5649.26232744578
4113.11918419775
5227.53896788694
6018.6389638264
3422.55943461136
4201.2684379145
3197.46851230118
5429.78879580141
5993.16236646616
4160.090475506
2576.26744526961
4062.91289070025
4820.32505936613
3264.8921261459
4869.52870916038
7464.79990795676
3227.90271072518
3010.09113315058
6731.79549714265
7033.88626000939
2101.96449528813
4248.14754386939
5915.64003347207
3282.58774418472
5037.87756948177
4863.84053742112
5216.27549723826
4635.51936177247
4178.93670984625
5554.53287628181
6046.55614733346
6504.2323090766
5453.32500573049
5635.21792564875
4389.15198756645
2781.61958096475
2788.62737283209
4977.87639858318
2736.14258102162
4251.52793709818
2889.15823607538
4735.61752697634
4884.07417694122
2404.17328916264
6422.98746783277
6091.37136312555
3720.77533086218
2561.87900954502
3656.94380626367
5780.22688056173
6836.40577173584
7833.59417221841
7172.06907738314
4765.33233759475
5359.87268776268
3064.31759809083
4084.32382875483
3822.74752837936
3797.11924345593
5483.48974090817
4404.50965825165
3055.36439446241
8402.99744589114
5397.27219229318
4313.49920523547
4787.83149858084
5622.65668012456
4073.68865581707
4431.87308396344
6086.96509908488
3642.76432418117
5609.09826278271
2469.13081257043
4142.21125151962
2967.6266045907
7142.42185220022
4310.05599467105
2471.55193360851
3136.86676533565
4982.89261955728
3083.46274630954
3568.6798540488
5961.83498334577
2517.57841932722
6535.97103501589
5275.87224096854
4739.26285073069
3557.02117693818
2660.3618284108
5154.05432005273
4594.12735611498
4047.38678782942
4153.31687443132
3079.5301138225
3515.31316924322
3420.97771759985
10299.4678937741
4147.96399690351
6359.8305418694
2888.21489076763
4009.10746947778
3780.83801975872
4638.48494707296
7594.57726759446
5884.09506061979
3437.6296334653
6735.54551724864
4250.82944781849
4710.14287747323
4888.2285074956
5966.26223038428
5234.14124481429
4245.03558803316
4913.17012344859
4481.35836539098
5564.75185902029
3706.63072688374
4350.63388199144
5415.89015634088
6836.92070513954
3034.74281616118
5074.38710622521
3432.69920774121
3483.30848893202
4391.82294771276
5624.46073977628
6246.71438062409
3885.20646279597
3652.92057643523
4306.09413251552
5198.92330530691
2572.10801014708
5353.92705037455
5556.48547532912
4143.63244474752
7752.69075205237
6732.48162619043
4376.9436633945
3593.74785798885
3346.60761270868
2266.88232797996
5030.76822680971
3232.70386386714
6055.45331368371
2890.88050196033
4188.44418398671
4040.5779711028
4622.51378816622
4266.79485532616
5419.35936404082
3907.86488665999
3481.10139641121
2895.90589649508
4199.76536876475
3451.68390781328
3117.57543869148
8093.86947584637
4092.49696302956
3640.34959213601
3063.06977596908
4737.55101533746
3739.61343362882
3046.16284018674
5070.36199505207
5080.1234474465
4381.71953312668
3487.82420360334
3856.13620996861
8879.03070599427
6006.42896291206
6787.76917678981
6563.39360920137
5364.5152332709
6081.45133665006
3802.55292349354
4552.51894026381
5648.15157116075
5429.40369584788
8873.3690281846
5760.46908185655
7654.40134009172
5878.01925225484
5004.74701769737
3248.22516491298
6463.36616931019
4916.35991859732
4051.17944719399
3976.13567285154
3568.55943661782
2197.38201249174
3099.30525039354
3892.23154169221
5445.21689769383
2702.57512073133
5767.18190737113
6236.4886028082
5899.9728800114
4610.44931915234
3403.0065116104
4885.78983429177
4502.87033561188
2703.14699435525
5313.40137519546
3776.3666769384
6068.39408364632
3776.04871724765
4419.77200909357
5610.31714293467
3717.38470160162
4291.21227956607
4245.5936408643
6238.93201830117
5483.44327108208
3101.09648766062
2066.00980891326
4276.05923919638
5096.56034038934
3838.23617938938
3916.84727284542
4005.72601448144
5242.46640241051
6243.50654697648
6493.08434995866
3800.31946490796
4763.13213061079
4243.95426383147
4165.58620753781
5199.69050780206
4632.41744309911
5670.30957742125
2430.10947544952
3991.94063791221
4622.78056176316
5788.7306249923
2055.7163086818
5282.67664206909
3806.91541499337
3727.75135186606
6386.44818414427
6460.87515094165
4379.61547097524
4103.84544709834
5549.01539202037
6323.57002775718
4472.88232589685
4327.18495425987
3685.97377155478
3603.30782245706
4102.13532186227
4437.23592816136
3410.47618449934
5781.03338662198
2750.54754766836
4067.44504395429
4624.70830992406
6488.87742582667
2266.36259062484
3366.31812203117
5103.5667321323
5432.02436969574
4539.12666344276
5700.75631094075
2814.18461451658
3794.90027698532
2290.1741540953
2734.65379083706
2858.77741788253
2693.95512022421
5063.49869933567
3077.01919101674
5479.22727300188
2496.55191509128
6425.27525856756
5589.1322912714
2809.34435115817
5070.72409943315
4810.51426735741
2309.01306287787
4787.56949337843
4172.00029363747
7450.23460937541
3880.32367872593
4602.59772073333
5057.66304040265
3310.60961511553
3820.1677787716
4383.96351292961
4347.58735225525
6286.11153438563
4334.50448572694
4620.78269852511
4061.31358757534
6205.40149663109
6836.68737459478
4788.7492467221
4637.55117511297
7193.27926804497
2123.30545088493
4131.3126618127
3258.7234411664
3985.21927925585
2740.78258182278
6478.97736549955
6023.23191451015
3482.25517579768
3472.24180601437
7270.5961835739
5351.82334989582
5279.91706319482
5117.79438773107
4527.61991832015
3562.43144470289
5252.01556711115
4189.44035213716
6479.21138458495
6574.27800985671
2907.17517006418
4724.63978204442
5246.28388540061
3900.53623589744
3334.01548317023
4629.4935421846
5512.04766534026
5712.90161035917
8143.29047988881
2268.78074354119
3364.04808051799
4985.86061919938
5530.84901585377
4714.93974856672
5210.77986660865
4506.79581671623
2430.16739349008
3924.00126491983
6439.16601640023
3686.4689707189
3097.37636059925
6259.8360986117
6392.90105978974
5332.72350364997
5260.31786492514
3618.79927137351
2257.2748349631
4766.15498006532
3276.38448527887
3821.12390171023
2450.90715670504
3675.25782414487
4661.60602858072
3769.24748476582
4858.80717489002
2686.24861506646
4649.02499841711
4781.29381664546
3938.50829551562
9272.34149427725
2106.32915912815
7786.38912882204
4382.39885752365
3614.09671420693
3089.00264663266
3440.14938845016
7098.32701758958
4912.12133033337
3986.81394695631
8746.06709991847
4907.02277174064
7488.5689731885
4534.70817127461
4237.21666499788
5637.79240271595
2656.81441759702
3326.78959513164
4232.26812510189
4707.93628119949
4615.58245033648
5284.8677244639
5262.04463324305
5479.91119056055
5004.56192268772
4996.00554343027
2992.46351258665
3943.29181401955
3165.61935014942
6899.4354637935
4818.65010500447
5311.9858442315
3019.7334882969
2750.17854264532
6179.00575018458
7028.9198632095
2863.22693341341
9212.946216624
4412.7311470217
4616.59751879523
3118.44861536032
3702.28073150475
3190.77619856628
4335.04218836082
5560.9483729827
3443.84394904901
3338.58655691504
4527.14843848945
3627.31074122668
8460.71487240922
4938.71361838086
4860.81696024414
4025.17133462648
3698.21238494298
5006.43883921667
4280.97327213569
5859.99978290808
4899.76813552224
2779.11394069984
5215.05614565549
3353.19776063531
7205.82100012924
3442.81670167211
2868.90231003214
5845.97629358268
7178.22692786583
4889.0043390788
2331.22373900713
4183.47815529158
3692.06319324721
2756.62015113667
5461.24372928569
4101.19322274152
3664.10306131875
3715.78716012412
4777.33514859383
4850.61902761436
2362.24034134757
4116.22423696164
4068.48870503118
2880.25443447649
3123.5388244026
4714.50190509806
2007.43647991956
5605.87198857878
3036.5104171764
4300.17763648764
5634.71305589753
5601.45922877107
5127.80013738431
3773.58622834147
5589.89713822284
5590.7967838428
3582.81906351611
4284.44554959963
5189.4719250911
4406.11436243351
4189.2513025333
4069.05474125052
5851.14049804556
4396.21240235532
4490.61413221799
4298.42403596506
6788.52975955043
5726.09232557822
4708.31637532512
3329.59108191154
5237.29865719554
3580.5210254512
5736.55947790138
4778.32366074412
2944.85699623384
5792.64198907554
7333.21345959955
4783.54412920024
4022.13448064239
4887.4161789623
5419.32926523181
5852.295463332
4488.89714833281
5829.71631968867
6425.46124422004
4477.53464495703
3301.35323563166
4303.27311717447
6277.10559303135
3284.11132837641
5724.44034936618
4921.5978677651
3062.1068388755
3225.73992340755
5449.03990774218
3955.19440338553
5206.13753512106
5710.21244861811
4259.03594912712
6558.450511768
4005.21170554206
4100.29178374041
4965.77671873948
3979.73677421592
6181.59791016385
3512.41127145985
4557.40502837973
3676.04353936767
5679.06345428014
5756.48692561327
5445.14299290499
2845.04201000017
3970.24943614461
3962.40274174975
3787.37681066751
5887.30037303232
2954.55551560208
7315.88794892089
3539.19279252215
5872.49602103787
8084.64182242323
6168.01656496212
3205.92244487796
2860.44788461228
3486.78148250442
5498.88881670384
3460.94460515632
5746.46882215593
3189.85586996904
4164.96492165651
3482.5549029258
4768.42049029307
4146.78495047548
2988.52886115849
8257.76441558585
5135.62531324036
4313.76753078278
4795.69269183421
5150.13769228857
4980.3283271921
7215.54264976407
3289.21402264224
6222.24053935464
4518.51696663181
7488.8120893475
4338.71131874757
6323.28336404579
5698.01503795061
4117.3117603242
5219.48420086298
6132.7514520902
3876.76810132729
4613.29268450101
2655.37458701892
2281.60105086056
4425.32235054031
3908.47084988041
3210.76971025356
3479.30252278336
5045.7228367354
2754.73018502786
2312.47424683367
4447.35816786606
4205.69388602042
4734.19268873181
4905.25357546418
3618.63689366214
5022.75726014667
4039.84877799406
6177.82918675911
3430.04028643999
6098.06393980733
6143.86985740499
2532.89344798346
3948.28640870827
4791.9661854309
4099.75480302579
4484.89708806939
5758.84165065662
5457.20968245997
5871.88500892647
2819.46391190233
5155.69329609305
2421.80232859696
2608.92377594534
5021.39775548581
4822.67811436117
7581.38554708277
4246.11325115554
4794.34565408124
3236.25743587076
2513.68274265057
2712.17694685561
5856.27025223074
3380.28680354373
5602.9013197433
2137.99423462171
6258.77625724438
5515.08795602835
4394.84712990123
7857.62619648274
4648.24425266456
6080.37668216604
2244.50280084681
5897.4587496783
5018.87805316745
8879.60043386278
5845.89563362767
4482.46354954254
2668.84157929327
4745.15811944805
3520.4061902105
5441.09898587776
2978.47296931922
4830.03422138039
5270.50872432391
3239.07814066751
3593.69855046957
5332.71256155554
3561.23711411846
6312.39893345238
6785.02042446065
6178.29553659098
4391.01380713009
2817.78908823073
7443.00200516982
3589.00347068923
6923.388549008
5667.79996624665
4166.47015461159
5906.05072479115
3470.01186137729
5400.18064283072
4618.07617030581
3935.01006221425
3268.00023108578
2999.90582472757
5192.5212093115
2810.35265339555
4342.52611865159
5584.60522157256
2815.05626698565
4055.68895258897
4813.8895102519
3812.54590603743
3454.09708777237
2291.31713482621
6421.09180424583
4137.48265632005
4415.27635076543
2961.0816135912
8302.24087859143
3348.50926635775
4463.19652175215
3624.01001904983
6530.57534876046
4609.59101973716
3188.45502181186
6752.07026107043
3298.69505970656
3122.7360998556
7556.76564512398
6362.649772709
3820.77603371857
3176.33256365039
4134.70954781628
4638.13884254774
5024.34846565348
4240.45888654131
3808.35558072522
3224.38382493033
3599.5924584189
5549.69270706199
6762.5191588759
4286.20108530905
4492.69402478713
4297.61581497114
3358.91769601951
3254.04243568968
4574.37933786105
2360.02769702754
6607.74018809273
5788.52341033916
3509.85396462254
5408.83660261084
3374.8366788586
6103.58882047873
4711.78957126033
2903.93651922429
3894.03526053264
4728.27639236299
4479.40864673294
3828.73714009932
4729.3592169854
3987.91238808695
4417.31048382393
4811.57140592248
5110.06861220894
6309.87414317945
6427.76074372645
3436.5375349188
5450.1932081637
3862.24720739247
2756.12503757842
2976.6816315375
2180.48127269228
2262.70445863627
6944.09422703698
2282.44894517084
3760.72506365569
5739.75943268761
2587.12623189249
4730.56865084015
5095.78581343006
2897.19047763595
2402.20225307723
4098.66282560829
3998.47273082155
3419.08416987357
5518.3949724429
3490.48866144064
3336.52669115528
8172.7345614768
3319.76544466083
3609.85801826799
2204.1627063297
2272.358013228
4469.20123196162
5088.61261540928
5401.74426955814
3635.12373016214
2960.06573682345
5909.36974548788
4208.87028749138
4424.49217927563
5641.89396514005
2661.78511797555
4415.38409397318
3514.19082599503
3868.07059536567
3497.66130066174
4942.29685307681
3924.00196960081
6176.52137756674
4946.50634939752
5184.31208195062
5148.02398687559
5010.9489233654
6343.01735762217
5296.91871702031
3486.6071227233
3310.5194326889
4838.53860759059
3002.33005561372
4090.95146790464
4050.32501751873
3993.89982230451
3633.20679589141
5988.27722414516
4878.03132150779
5502.87369506958
4494.48467959526
5302.21549845961
4546.85133117973
6128.37757114354
3840.79887350152
6087.82634298527
6270.83047771293
4306.96318599236
4233.86040894386
5854.1264139448
6114.6067469914
2984.47707618873
3288.41073668473
4449.73579126748
2526.42825924224
4117.33207513123
4584.71463494011
5647.07370372599
5682.67270169963
4985.55275280111
4147.52167474027
2490.77086953617
5307.98821551113
3801.78713276465
3975.44120448816
5381.32570424048
5601.86665854152
5437.6076870514
5051.68449830381
5047.25919919159
2756.1133388086
5476.56109697926
2690.71893524312
3901.65803684642
6356.44657146501
3222.36419782702
5081.42389761992
5261.44094504734
7792.5769272489
5144.90475486124
4896.35311315666
5453.53973214934
5400.55053732155
2274.71267522291
4169.46695028723
6837.24833207579
4145.62525345321
4216.63264813907
4364.82008636928
5564.06501800206
4820.94463528482
6084.3322039932
3787.00219090978
4697.3980916578
4056.80507898812
7324.47275935144
5858.30080238452
3899.45220954481
6312.79674063757
3684.52695577556
6204.78523611112
3167.68156456586
3903.01813925712
2647.58870628544
2914.14812043376
4858.16584904292
4851.31408602328
4019.86917551598
3481.4183763988
6021.45355450537
3088.58187657439
3044.13884158023
4317.28907153873
6923.91178154389
5360.19533474234
5228.63001086595
5344.78685168882
4424.35110121567
6290.14993781147
4680.66221901791
5319.42966103865
3211.38039459429
3240.10743675134
3605.46450707461
4299.30123766997
3836.81985815895
4915.64808394174
2588.3167330138
5410.5950575305
3561.49640456195
3866.04028265445
6124.9354566825
5941.02329021124
4074.92896602425
4353.30333253555
5166.49930140692
4403.66206981949
4323.59357181325
3709.63199840507
3928.29677472332
4405.56659122262
5159.51421520602
4946.03363918558
3391.98628982822
4017.57654232161
5500.03178688777
6166.95445352585
3600.18256734137
3671.98758477997
3345.94086857625
4756.41325875037
2629.73658156792
2987.1304203477
2749.72128732765
5137.63796225595
4520.42902914866
5110.51376642286
5509.08682034716
6384.34277332137
5541.14523816607
3780.3334273155
5625.91671236922
4910.76470620784
6953.76453964868
5704.01351380331
5601.46940354355
3425.64856042387
5349.1681827261
2723.7201524515
7648.46197619272
3743.53490188797
3293.08652925825
5347.86210071899
3950.52452732394
5989.38525932895
5392.94538116473
4450.63918891864
3867.01626969909
4828.60664775522
3861.60511831355
6747.02618163614
5372.25098466527
4627.8747854956
5140.85531154422
5400.99701215675
5451.90100174724
3945.90417969208
6929.41895524865
3374.65797473609
5568.37089127623
5057.51346699203
2219.20189978734
3261.02512845845
2827.31166168239
4365.79821405293
4955.54018728607
5962.71409748034
3911.36222362125
3985.52328113366
6858.23500441712
4395.08726994184
5267.60032433787
3027.12836527511
4283.82909869476
4936.48769812059
2215.85904402068
4328.29605869401
3544.20074389468
6816.32666957379
3448.60791942902
4529.74898040889
4913.14624994505
2975.24889502603
3783.86343413988
4588.91932484951
3433.33105522651
2972.75726324598
3995.53085741044
4510.13908939701
2851.43699567709
2831.37426965517
3494.93321125745
5666.68504653137
3654.23636523012
3146.50534348136
4632.53446719286
5246.83691261877
2587.63652272888
5069.90905905877
5845.00132347574
4919.28717255002
6176.46101264369
6435.07155141825
5150.48608531465
4268.58395128257
6769.41961848777
4976.06275124399
6186.18981407273
4235.12363422522
4069.33237605482
2216.41366584407
4881.99716510314
2944.41767380523
6347.57970948299
3034.33865154054
3944.46812845388
3843.47021300249
3980.74945571727
2677.44681973343
5293.30851394599
2397.08271013786
2646.31393232302
2342.915292744
3703.41995286391
6116.04710936465
5541.44115593116
5573.05114416854
3183.35411128808
2448.60650839764
4529.22397207325
2556.17661745447
5579.96698732386
2555.76628504158
2957.28463392808
5119.21559848668
5932.24024256489
3086.62770343487
3632.69714838509
6844.00599222055
3746.18431072915
5555.22677041429
5984.3656075546
2223.95369346198
5459.75731038153
2653.2138718039
6686.255326395
5582.73393523527
3915.2333371853
4816.296444389
5227.12517625536
2222.85264072762
6145.38702086521
3093.93628572428
3754.90460168294
5252.82960723875
5296.50102756046
4164.61904492426
7203.96930589731
4586.09840119624
4200.86347792259
5671.37267797649
3164.66092993188
5625.58801375262
4945.21929906345
2541.68033461523
6037.09634757978
3600.10825445934
5930.35536784404
2837.67038506225
4151.57896173797
4683.87617524795
4299.18923268402
4961.90064376473
5107.18457506977
3497.09739185567
4645.70338392896
5022.01128880915
4982.26026643322
3681.10566523986
4969.50981771782
6982.30912746747
4175.90677718953
5378.24416856046
8576.76353963446
4719.83690898634
4191.55891770566
6029.05112094718
3390.55182828201
4391.01018823465
2625.37325548685
5573.93711775288
3320.1507819202
2390.67969407539
6969.20199563908
4807.11482794118
3730.07383225373
4123.57143866682
3823.19251765407
4111.10744731346
4977.49877421818
6285.37428548137
7927.54169505314
4295.21006309972
7025.42158020497
2169.85161366102
5295.39489916077
5192.91828593707
2404.49667504768
7718.41602340958
6440.09815004598
6321.64720826762
3150.53406989815
5816.45102715399
5828.21706226838
4032.02007119196
2522.73612622125
4498.02451725621
4405.76809847097
4723.90177123184
6225.48674978309
3149.37016762835
2832.0685312047
5029.71421964702
6215.76509639735
6287.08085277361
4188.39108774512
3773.80039824765
6525.27862466346
6958.49214031573
3448.28439551024
3342.56565799934
6334.03179437641
4345.59144610925
2207.94608331838
5440.34023312798
3194.56213836609
2216.54361676084
3176.45903916871
6493.2209818301
4104.25832491572
4371.7147435818
5048.32573924949
2875.92839102481
3603.95447881444
3463.89661547849
3327.0224917596
3189.89258654096
3476.57461213775
3606.65612971477
2211.25355353602
5458.86326125236
3590.72822490489
4916.216666755
5869.86335779486
4282.73460970357
3406.82250344001
3249.5905061394
3449.41988715922
6570.50175665054
5363.52481295577
4393.59680242925
5020.18634565043
3874.59805020494
5613.82050873685
2640.614325593
8090.259020599
4810.21732085101
3384.09213008718
2791.63072866521
6999.38808793571
7036.65383172741
4561.22204120503
2685.88152640616
5239.16602907354
4338.14260963525
6543.70278548396
5587.37760960089
6811.0877245229
2939.59322702807
5383.95057946775
4712.98405448935
4669.20420997707
2454.16849341949
4894.38846444687
7767.44541242895
6330.85039208504
7173.94068603491
3476.81521547098
6394.21807440565
4195.00403267866
6119.10993492997
2757.10993900529
7232.49894858229
2489.10369940538
5152.93155140172
4814.08639542468
2336.56221932532
4282.34811009573
3817.92875644645
3054.37478404317
2678.27765994053
2808.71654075637
5015.45228294462
5260.50252515794
6250.84165122356
7270.49743401636
2625.06628083132
4697.69303555216
4718.16224022158
3817.31324107124
2213.40416074455
3314.05114848151
2517.89691401875
4261.12115793758
3286.31525353589
3623.08471334411
3422.72188346333
4898.08319624835
6340.35254525154
4208.25515195582
5944.29210421056
7006.16300247704
3914.06661008447
2391.17303494139
5025.07814747119
3324.27550088408
5941.50525802606
2163.83658737578
6158.07409450986
4159.65626019314
3809.94401971812
4186.44684943715
6477.86598588755
4574.85734991124
3395.09066471813
6483.72156753512
3689.70970236067
4006.90160867989
4004.01493000941
2789.53641935564
2944.40901709127
5309.8608418782
4998.80742831115
3676.25638861703
3836.57192727378
5339.64274330499
2708.50186041584
4216.9401642843
4248.63976384837
4497.33323241728
4723.36021303043
3977.33396381983
5734.93048154455
4317.51767017081
3097.87840031411
4339.40426128887
3675.95452729973
3836.03040565565
4325.82062898166
4179.85043407312
5171.05075261711
4029.36037754785
2031.52581771762
3258.52699966222
4091.9477070863
3440.34790331175
3895.79887000195
4104.0485207228
4588.15751228029
4685.42312655857
3845.2670451703
4802.52659051132
5193.38760690874
5857.25620357389
3314.16156540738
5943.11087384306
2316.89113700878
8947.16215521494
4199.26126147843
2639.00938108138
5487.6860894642
7610.41898311914
4534.00236245534
2100.0716077878
5902.45837503835
5294.30623543843
4391.73568650979
5722.46306293253
3709.86756232439
5255.45715414264
3975.32914889418
4759.88709265249
5336.53852324706
6423.98911445299
4162.40102692802
4584.40663094997
3164.87943019695
3529.19912220608
6911.38149954014
4975.42397354411
8856.75693127213
5603.88248569843
4107.36032955124
5108.72711562847
4652.5787089012
4036.46139731141
4282.81541790786
6699.32067540151
3454.50225586672
4008.95191420399
3094.60824542442
3524.31670934285
5169.81114095378
3581.17101246987
6450.11475365265
3060.71633075908
4602.51701974247
8321.92797824014
5692.54850788762
7071.73141497293
5033.44722803639
4775.46961973516
3333.87745371917
6437.75551558247
4356.8781583059
3262.63282044758
3544.55396433178
3855.89175164914
2638.80406629949
4125.18961077714
4996.6788621005
3480.92947551895
6399.82715138577
3383.00974828681
6913.26198450857
5159.78284031011
2963.86670597161
3156.87688424309
5645.55897253109
3513.48086120008
5074.3604484705
7291.3296948608
5600.9732288063
3497.93965325743
5340.75665571885
6087.3215201275
4424.1388853284
5589.10217370179
4324.09116059647
4619.78115242139
3730.9840110089
3047.57916763802
5725.49009537868
6580.31566815502
2929.57194940275
3501.84328353079
2089.81306488808
2844.45608324219
4631.21489849408
3917.55323817542
3045.04555165918
5857.14585209938
3048.75052067172
4320.80711799344
3701.80377729092
5215.90851176054
6219.93797322243
2836.16088090997
4176.98194974839
6425.63211515372
4915.99222139813
3597.91900621442
3284.95856486468
5440.42214978609
3349.65225278177
3730.39669186232
3507.21222367901
2005.3840269417
3218.55810239013
4280.8005326675
4192.28828655638
5180.64471724608
3708.75432318672
3065.29925409354
5308.63428443179
2112.68154041735
3361.28448564999
4027.78016287044
3135.92905596187
6171.61784791497
3249.82162907493
3135.30062067864
6584.50425132842
5383.2850872721
3716.79432834667
2584.51212353856
5276.83550131469
3138.21845172123
4108.26494265339
4262.71954956503
5187.20411943859
5454.83860968478
4439.76481758396
4903.49251782532
5310.04813059977
4304.42760460813
3409.48299778266
4636.84949131452
4610.96736111312
5378.09863148534
7168.27324656153
5265.80481952496
3774.71368316982
3301.90247968456
7174.43798614541
4476.99638697329
3752.62508904223
4599.12848316068
4841.78737810535
5204.78161237177
5003.4236921305
3912.49327860909
2217.10569582738
5924.46512275332
5340.92840554717
2663.40662784783
4755.13844776255
5655.94188503382
4726.90929057456
2961.38007718868
3260.72888663893
3666.43709610251
3200.91965495319
4170.256008772
6755.86776676486
4144.06797355376
2939.73903621172
4707.94843756579
6238.61333927825
5400.81355910973
2848.06770948426
6896.64231497035
5015.15949746798
5361.1119223791
4051.66316627783
2509.70432491249
2975.82625472859
4821.19098807428
3126.33684904697
4783.82115133977
6268.78406121342
2948.55923859086
2895.58127503987
3644.39822778965
3801.948704745
3411.53797111337
5029.35102795192
3460.77082788866
3295.9973152423
6766.21634084804
3397.9346295325
6013.08356515233
3706.45062696327
4555.3019755717
2947.82400382575
2909.67486744581
4970.24864323147
3795.8256458426
4738.25754029465
4566.04032016634
2398.86166459592
5920.35792423051
5704.68581171446
4271.08823290824
6315.00558466556
2758.29453034586
4453.92369663059
5118.81034368941
4667.4513473008
2173.2548976858
3009.75800935584
5660.98409179275
5705.69255404119
4170.53016595648
3817.59145492745
3183.97171083738
5624.77825744799
6960.42722937656
3231.05224507232
2096.65920787276
4648.06685643623
3193.20543233846
7564.54778662408
4148.86732965749
3569.05033517559
4176.99312802244
3014.8434228395
5172.46939206475
6291.29565365409
4034.2692754695
3690.40506353126
3328.53613243205
3947.09679904473
5746.55223949572
2283.39352440036
4521.67106561259
4168.75610366153
4775.13251039933
7371.14122730751
4835.04924407594
6045.57813063385
4554.94408834341
4744.84818015944
8629.35578233493
3794.27193597399
8095.04463357679
4273.65336788757
4896.02911248393
4063.59190503337
9275.58591267507
3370.33665490769
4644.60683279978
5349.2152103376
3635.69164851667
4298.08765549773
2622.44444649394
2861.6173618061
5926.12649722267
2329.68415336811
3743.79038780619
4055.64195367206
4668.57698601127
4742.0841387233
4195.83988585008
2160.66519409971
5775.07326987602
2580.62368680404
6284.16696579996
5042.27035838545
4281.46439594951
8341.1531174019
4503.34075376774
5540.59945342169
4002.44967586191
4900.16484813264
2904.88135046822
5232.68933044941
5587.29889867682
6263.11175555257
4762.27395351792
4610.890502236
6009.63396145328
4740.05434382829
2693.61823237412
6094.21873705402
5971.06620964008
5563.48582071275
3142.29699670304
5750.5376341031
5292.93863124208
4576.19982757667
2999.05426490529
4293.76967590439
4749.1145693843
4785.04906160876
4988.65506927374
2879.43634848447
3046.49734891561
4762.66704650712
5759.97933625743
5536.77247983169
3078.49734077212
2917.05412889744
7162.01380966325
6545.88842257518
3962.35364415965
2428.32205299294
5062.2848210787
4721.84260595841
3662.44413497023
5832.35822345441
3518.12467141435
4174.14253043444
2531.72839217997
4690.9842077177
4042.16146754007
3722.12766243363
4028.73687792803
4259.68194577378
2638.00248078246
5206.6951938211
3358.34060298478
5043.87259686607
5468.71291280063
4697.31349022713
4635.28900709926
5714.81515623923
4451.33115736794
4295.93795533241
7142.62123172243
7282.02888758169
5703.9201736796
5611.43046654956
4755.0589836513
4762.70120481284
2284.4211316595
3535.05096272813
3399.98660051101
3916.2892432096
6083.52523742078
2768.86575619635
6697.05189105555
3465.80346341338
5017.38105530682
4614.91906008596
3122.0769189096
2097.65439492501
4907.44641803415
2994.69775776864
4222.55431108648
4416.96808353768
8218.74765750347
6607.43208579032
4516.37675215067
6132.47384055987
2680.55651349006
5424.63322143883
2956.84377023536
4281.96803267933
3342.33379606884
3840.73007292381
3999.4871294633
7644.12020661766
7321.61701121759
4260.83241861939
4556.10679802776
4674.20617871499
3571.65396609363
3852.86520022963
5589.69424835089
3758.82095315997
3188.44911808281
4329.61796337078
4249.5001571352
3678.55934841609
4074.03682070683
4836.10042986953
7219.11266582006
4260.02860731088
3371.2346829977
6821.1636777402
4266.33648527212
5717.11571534844
4429.61817975627
5058.6089868753
3445.51281522306
4335.39115481883
6224.75095270038
3428.12328761025
5498.16042741943
5371.11768120143
3900.94135629644
2786.2292432322
5530.05786264909
4027.82850055996
2277.64316752473
2390.77009579832
3581.38994719459
4159.76038187648
3207.26503984247
5650.77205225594
6986.87907703381
5932.63781705214
5239.94991944562
5940.8059878259
3671.19427088284
3424.34440043474
6381.28901992614
4494.7624751718
3819.67823149322
2030.13909677658
3149.26790163051
6792.6188137639
4291.85946715538
4222.73892384057
7433.70979820527
4219.39560749733
6585.03186412859
4481.02154915653
5670.19032392835
3737.43912919155
5507.18047741424
3439.55870486596
3341.90504468051
4136.41778537221
4823.24116657677
4611.19917515112
4742.22181103241
4440.04512758583
4978.90910334263
5707.45638564624
3496.8641527873
4342.04268584937
4169.28206978412
3446.71528838259
3372.06391651481
5632.54558817467
2887.50316324896
4926.95898907005
7374.26784444016
3742.40254466454
3856.57123338281
3940.35542342586
5282.46018936126
7967.86698127493
5254.75423219039
3514.14235265851
4670.00985911535
5424.67319363448
2781.4676536389
2641.16119757178
2747.40564710438
2513.64147452571
5301.32314363854
3433.07908642433
4479.98603602817
4480.089754919
3808.85329675777
5326.50636221841
5516.89083645439
2309.90941327435
4582.35719629322
5438.54849042073
4532.70046405526
6523.92104391059
7654.9013789504
2884.40878247359
2126.64114820284
4729.63956564284
3637.55434938034
4859.3152258957
4728.75931201823
2738.17177438065
3792.13449253709
3270.77547655142
3641.30256896644
5819.87866150844
3598.5168664961
6057.82559168644
5255.36378590644
3052.25759980749
3884.35860285572
3357.70855710773
4277.14791292181
3081.34918176936
4210.11700009755
5422.23032904258
5807.33173693576
5199.6135502156
4369.42938912176
3584.53910300226
5129.2486465974
4773.91180112257
5474.57759490921
3977.81820254568
5418.00516685054
5390.17383832976
3517.57152336175
3378.99743223726
3175.86098601174
2628.3238897083
5418.95008560898
4382.72799397873
5128.1456912368
3903.88998107801
5197.50745038092
4777.02110109408
2848.28725801103
3545.3363763099
3459.22134095512
4462.44947372141
3909.22084603543
5585.07561641426
4960.66192872008
3597.56627057264
4406.51988330972
5511.0398265663
4193.27101244486
4153.11731914329
6349.3872152311
3202.69319948682
3472.45085623616
3296.43305638598
4160.55453619605
3147.71508037086
3779.28675132943
5180.34346845579
6238.05478455691
5541.39297340467
4327.84105421411
4349.26794109699
5270.94737987834
6539.93997661525
5023.80551097843
5951.15491513953
4294.07646732273
4337.15273659248
6701.11613412681
5417.87388371005
3390.44373642903
2176.90743567452
4043.99982160283
3676.13194887028
6508.64900407336
3597.06409567085
4185.94353290858
3597.68632840805
6407.81769320834
3825.29107572783
4969.79520552873
3260.13562451708
4444.10089758347
5134.12513643137
4370.31683773333
3106.47455304009
6022.97878602269
3735.73240916135
3647.62327259407
7091.99375053376
2955.56799632851
7587.21739577684
6815.19482770544
13497.2242391905
3185.66789921044
3339.46160664317
3442.03349344172
4439.83873695022
3460.5284847125
6761.51980893269
6606.53499275821
3552.63167057114
4422.83660260619
6627.97000772576
3309.85898915946
2679.41477941323
4681.14692771796
5330.74452157567
2672.85387645797
6013.73051658615
4188.83206588266
5494.89033527998
2591.09906770353
2943.95860882957
2427.93723414599
7451.90566205662
6863.71131127454
5044.56224317048
3932.1017164305
2133.24149442282
4012.93799262722
5304.9400956205
3384.76187488748
3395.04672060797
2181.91632851393
4924.9592441982
5420.30673870204
3348.3981958013
5627.53115383479
4069.27922773252
6274.23787386486
3195.79816268188
2870.90759428854
3581.74447040658
4602.95496556763
4749.80329805677
4297.43558049307
5524.76451024096
5139.42099864785
4550.56104683572
3170.86512195802
5699.22285362211
5339.71810833542
8021.62712183345
4374.27953791261
2684.26588558786
2788.88323305021
4699.05225810835
5001.87938850458
3684.44942854328
3973.712794252
4235.89076450017
4515.43380361974
4487.46579631247
4116.60025021639
2781.45131673242
3531.43748096381
2582.340017808
2883.39029652797
5610.34054364316
3254.75802944862
4043.65235903087
3476.23549198012
4022.3119182744
4645.21655158205
3275.53402428844
2463.70769552687
5249.32142309293
3541.82153965299
4941.16423645828
2916.01387872673
3500.59414280205
2769.74874684266
4569.99936173177
3043.34433733034
3314.02904368604
4885.13422617213
5299.91602659163
5690.32210809434
5542.98536415612
5282.39771126276
2670.3349458242
2305.41316121364
4606.31446947356
8081.69399177857
3010.65998477704
5202.3555735815
5413.96786444085
3874.52527863722
5323.35203161431
3482.64126394179
5204.40921402148
2839.79812773547
3035.6057688682
5028.38697171679
3625.77456056597
7168.31630450544
4976.73620581316
4310.97050600805
3341.32714092244
4670.28071728377
4810.187902325
3521.11994980808
8337.34079048136
5122.33071959327
4279.10781787818
6875.14041193343
2991.98504191912
5394.27529433708
2275.45289223024
7698.13408721529
3945.98009317198
5041.19450933832
3373.350556248
5122.59392035922
5085.11318356775
2885.30632471292
3913.22043426695
4831.03569197921
4015.77834484567
4631.39422769171
5106.74036745684
3505.8385488707
5187.93017442469
4206.6272711715
2707.71698579912
2732.53861933693
3894.12211774354
5565.23769587972
2258.27772181124
7513.21741188825
5186.434270321
5256.5732751374
5434.37499375741
5064.05399331782
4160.66462897632
3523.71650781776
4136.88612387411
4105.26531304977
5503.00116871421
5111.26458283663
3977.80155811038
3517.90471627091
3689.78055961125
5599.92138752734
2895.89383724292
5110.49055229983
4515.67769969432
4230.89077892068
4855.56384293616
6193.95331081185
2382.15807158639
2825.84857895398
4283.26238451674
6133.93983705927
4643.54214967288
4697.38047347484
5630.65827219809
3350.71903483788
4249.28819809922
3648.66660217358
2052.30466495673
2465.10006571463
3744.76006274204
3428.47311350522
2633.6280885567
5017.61669863959
2789.50243121659
4227.62086285071
3165.44647695063
4832.18883322128
5513.26876877137
3610.50712419885
5369.99754878684
2787.39707783585
4092.12937739678
3728.06042231952
5995.56372123248
2979.01692067125
3439.57079013269
5109.86505889542
2451.03766908151
5634.820321663
4313.82107168149
4854.71361110002
2731.3114416498
3518.59384319365
5892.41222672798
5402.39565019512
5833.38670136708
5366.5402730632
6674.85708010058
4608.97435218147
2414.14200260988
6648.63274924493
7165.4625841918
5292.30538110115
6311.05815628397
3246.97935240524
4059.89743897103
4699.52215785698
4090.57919235713
4201.26472325858
4369.61581098925
7318.67901611468
5501.96860308654
2808.68909948983
6996.07934177799
3203.42926336198
5866.70324790144
9534.44845680261
5458.06007421084
4722.2964974029
2806.0620367815
2583.87349884991
4021.72206799904
5007.80723423229
7597.64999827133
4060.21523332051
4452.33316098656
3828.39112343587
3298.97357555667
7692.31505177492
5020.99949797776
3784.66603251067
6544.51169208049
5986.39709141548
4394.37843782833
6531.87203731904
4037.33992203427
5561.378641326
5831.35113316562
4387.51978396516
7912.96913210393
2931.26650864644
6507.73070448753
5505.50169072017
6225.31638802989
3877.8995297663
4636.45680272701
3460.01820574248
2858.76604282779
4665.26424932253
3564.05644008985
4030.38038922103
4972.22047685595
4571.64883373107
4962.26475491942
3943.05934340044
6766.97034656939
2352.5089648308
3031.65020086423
4341.29307555779
6302.61888776249
6268.88845833778
3877.55900557692
5101.26122777485
3187.42344897867
5528.78267963327
4726.75488155605
3467.07472574294
4094.60646035661
4000.28666183579
4113.55916840465
4766.06995897261
4675.38479446754
8071.2082772013
5383.79128887256
3800.91086131217
6299.91322007716
2722.41282960216
4874.80328503237
5640.54417630373
6305.86406562514
9225.279720013
6147.62106732203
4069.32717146908
3627.01140466904
5391.77365384451
4727.70857265892
3293.35422369436
4227.39634714047
8359.73342957389
3644.86213388135
3069.3501089727
5039.13526328638
5608.89737025791
3396.87148100231
3894.7732089213
6285.21524358451
8227.66198074906
8616.97941294307
4181.81395153428
4146.22257748118
6449.19319307524
6432.20579589219
4088.75930981604
4131.39822710712
4303.20630101392
4522.1606538154
3772.64970195905
4091.36394854589
7241.2048769929
5330.12260925207
4732.74921960024
3952.29073507604
3635.69219504616
5668.89782432399
4043.210128158
5554.14928324475
2793.74374539337
3111.07120872028
6664.66318932358
3696.71055999853
5730.60034861845
5445.84474576944
4831.44487665909
4157.07083864268
5438.59030152109
3745.5030699638
4201.23528089632
2975.41648598171
3006.17466539865
4256.15852360777
2755.29736522709
4127.77227277495
2819.5616062949
3768.30195751842
4999.21967049905
4539.72080888688
2971.65991339291
5429.58966277124
6070.69235009199
5035.45890322883
5205.23216275992
3389.41366849519
2868.13162714087
7394.17200144309
4034.08489632818
4186.77949442342
5080.70903278342
4769.56051370498
3625.78838083308
3452.48767546882
7663.03191859999
4063.38310513543
4120.05081642628
4798.215072022
4390.32838744714
8679.23668095871
4481.26789029414
6489.94921502515
2744.70909209899
5697.88527302095
5381.81231799326
3179.23530573442
5188.81138599489
2451.94778523114
2430.94947837018
4667.04204398373
2696.54582773143
2553.39043528138
4156.8494561952
2365.66196551296
3639.06424126976
4309.62860628837
4724.03848617917
4062.11208208937
4474.94708102163
2710.55333472145
3555.85649390735
3938.42880294035
2774.21500360336
5492.97997030684
5282.64199141731
6497.34841908082
5486.14691756208
3911.04423865101
5057.96581855481
5350.77857209192
4578.15992556029
4942.43163421779
2761.61048735493
4984.8121086927
2525.90222432467
3988.38221113067
3054.30997042059
4277.23129278898
4165.31461458763
4823.97034947649
4456.77079668307
4989.53482245648
2365.2620989287
5122.43326093999
4672.41869831409
5220.21431770369
3566.91116768075
4496.69219991535
5414.84049111545
2803.55138231984
2706.49833501347
6350.17180749413
4492.31197282142
4142.28038715002
4496.4934197718
6247.72551896164
6889.29212426522
4805.26631866833
3216.7041240221
3350.9263696319
4827.9712287526
5522.1663471285
6906.51863731613
2294.72070175958
5248.08569424003
4543.11617717302
4393.13456132748
5524.58935328421
4017.9234022073
5268.192071914
3092.46778627719
4039.53519145403
4206.83211515556
5066.53475176242
4300.69619782888
5000.27522930458
3957.36584103613
3868.0976314152
4911.36283170443
5936.82472036788
6281.52823708099
6374.05324880152
4016.81103563736
4497.09273705135
3438.67775812694
4231.25527841747
4260.4131023537
3890.26934814277
5122.67695070268
6184.03546748162
4714.8651763455
5358.69981550032
2924.22355005509
3025.22676114473
3403.44177892592
3613.22619979538
4340.9308781181
4586.76245843474
4499.51056415121
4814.5998544059
4361.28815701044
3766.96213547308
4231.21233505777
3901.47797450623
2021.40553283638
3699.95327789327
4123.08803806898
2575.84442950967
5057.60871441159
4831.59540073728
5788.36472165253
3192.29924861376
3524.01682953813
5616.08850025515
3902.97955288097
6275.3775716332
3436.06738688898
2997.08010216633
4596.9299123449
2823.0529310946
2990.0715447681
5434.37089987804
7251.59149186646
5863.55889077996
3041.85950172075
4008.40475319303
2406.52710058994
4336.03306398492
6771.27726785803
2710.78690368424
2127.636448122
4376.6407640166
5481.39365841896
5231.65759484449
6368.50848834385
4691.48956025333
5285.00718798504
4785.21684630045
4727.56173044743
4203.6878537631
5086.06562441806
5416.67941519982
5613.74271856715
3662.71326821474
8967.8566001032
6406.64150441429
3519.16901489563
5206.87382507661
8240.94363899594
2565.99846368607
4942.8800567498
3562.77880995785
2459.94326655588
4561.91653211456
3467.99021174894
3352.63109193832
4443.46332568065
3120.25585402706
2318.44644958828
5172.76024776393
4333.02647489806
3654.00765024386
5457.50790167046
2690.17388342592
5511.94184919806
4269.91753636385
3624.1774658075
6042.32348910174
4488.97068954772
5302.26040398213
4078.00700392771
3787.8339542812
2966.53549795652
6489.36194866115
3816.03833379928
2725.38189674152
3784.90050118024
3462.33872168212
2988.57041515092
3117.46207515477
5796.16697665982
5885.79738976765
4333.35626945716
2312.95152237093
5421.55098204095
4912.34419727208
2905.76983030702
3209.790602478
3391.94234356845
3968.05023285622
2584.84213320706
4848.67471133735
3246.23034657595
3151.11728571483
4371.41467681966
5796.95457660975
4516.06487887985
7427.42959173447
5191.05691069243
3611.82412863678
5935.9058547835
4945.40062362734
6899.58005633004
3012.96582207378
3956.58425994868
4660.92254378459
4491.63675320575
6766.14058086887
3496.24067729924
5878.94853125356
6780.5610048091
3525.5422905189
5976.48217186273
4738.85696229034
3134.43060096255
4782.73594951934
4394.82477689731
6195.5871737014
2430.09096666504
3475.65402872639
4879.10513030336
5961.33672279815
3369.61392704451
3604.7857622993
3482.2792125028
4097.2282223114
2112.23978951206
7543.12594873262
7320.16298630785
3994.12209932204
4577.76076175257
4505.16069448056
4200.08360063968
2498.3095524375
7797.47368786049
3626.90222582378
3206.81572392851
4845.59787643716
4304.63771748871
5298.89385530359
5411.72850268545
7122.688321138
5818.7010855306
2579.0230015952
3754.2967937003
5663.71652124029
4694.02488346794
3393.94587090625
4872.71911054833
6428.6443496226
3230.76477094556
3488.76685750155
6791.97911462584
2434.97241501933
2225.74442963624
4491.58430932046
2612.61078255258
3364.29463858026
4529.75711228869
2939.90872750714
4616.38629863053
5226.75984585889
4635.86878739414
6274.80477380515
5430.7420025039
4281.53445405888
4124.44766955338
6244.03527627225
3541.64433182292
3294.76696269585
7029.92623446181
3953.40807852674
6025.40873535309
4794.00357010201
3942.72026282133
7408.03138787752
8144.44647880043
4775.82129603055
4524.10402976165
4188.88908917514
3122.03382602623
3248.21630929322
3241.1819803068
4245.53281221117
6157.33761649498
4802.93324383124
3414.79888861767
3836.21214692346
5866.95169106809
5803.47650177028
6820.05918428846
5516.10148591447
3607.65323831395
6474.06052885722
4769.15303988549
3449.20212744789
3902.18187326824
5406.44106775232
4602.44408982404
4996.79372447987
5703.31828932106
5222.96337069494
4624.08576600172
3933.07954078788
3969.83379423438
2287.19558447364
4776.33069921846
7349.15998125378
6551.72579040159
5907.93464666582
2651.83453367139
4916.3650996989
5451.66838660716
5664.90176002253
3975.69115382011
6274.62125288669
3041.39909890773
3585.204451793
5228.44009342928
5080.40496253482
3978.30488475712
5830.71604531197
6124.24204906408
4478.32019676804
5699.40223163497
4869.64045079516
5129.51919459677
4597.24244268922
4024.64629202882
4670.35879240279
3154.70226849013
5018.28399196944
3749.3244827774
4622.79891477258
2108.48077528365
4525.26488788949
5401.72378528646
6209.4921203551
4720.70002285342
2861.22419756862
3483.14301012944
6355.48165423142
5657.7572173389
4512.39709578635
4163.63521619745
6069.42399015687
6309.61310088778
6445.75734595801
4020.98015053294
5710.33474363913
6866.6776147996
5372.44473434743
5482.32262333323
4524.7922541455
7353.3528946276
5508.11621983094
3682.1071562548
2534.80347852881
4521.11650441942
6015.88074132964
3083.31594559178
2814.08161805878
2964.13822403965
5856.5317215268
3124.09854718488
7766.06495856574
5636.11315838654
4167.1571845048
4747.6259670384
4708.06269769907
4519.10225185524
5115.28914268676
3221.2519755394
5464.21223207472
2716.2080729381
5871.41935326965
4228.30281054233
4087.94263143034
4913.03288550477
4609.75248500083
8468.35473937077
3897.94091528788
6008.72137530067
3379.80233510117
4877.83812649162
5129.26991132907
2704.17524684423
2634.5743319448
4631.15460533075
5714.84931956718
5371.88591867429
5381.63891943134
3714.03681463955
6051.37280964289
3637.3717548048
4172.89904612068
4499.40843761028
2954.4341052778
4958.54156727903
4171.36524423595
5946.67114262161
4580.72858903701
3397.31531943805
3791.72875152183
3531.32060657861
4933.27781045824
4482.09335214697
5723.01890351504
5521.60489424057
6079.13951548593
7853.04013355289
8897.29121553294
4949.73528233205
6082.79815363708
4465.77504860277
3961.16923058397
5429.52912782357
4467.79864580878
4675.94692299934
2373.40643839243
6942.61936675878
6093.80930769103
4169.05269130601
4310.44242467708
2943.75498505746
3892.78870711062
4234.20063760323
5465.45762410151
7062.75796815596
3334.67756874968
4140.41447743904
3599.49087925088
2726.9438881098
4572.872285654
2227.01992277238
2870.89318028777
6157.38874246054
3608.4151446978
4236.7996039204
5219.5581744774
4451.82373847166
4026.38405826262
7185.35977840821
5726.00950925351
5461.5566528849
4714.10026900691
5001.28825550474
5427.92646456197
3825.21576020554
5825.09614289977
5133.48230975803
3998.18714173941
4586.80581355783
5837.01914026103
4686.53831532937
3862.64647411617
3768.79328234646
5616.97145769303
3806.9638959174
2327.98204404334
5412.16681025596
4600.8965602408
3258.79274869792
5972.12135811336
7673.54648725028
2961.43071753339
2559.54208061609
6718.79254076053
6565.4438982525
4683.61281095697
4320.65148019619
4243.37798618228
4986.69391373534
4580.94255695413
3065.79477785524
7637.57358223931
3902.46820344732
8363.86697962963
3170.96555502961
3951.48499032163
3579.40560991432
4169.97233140416
5663.65949568225
3936.36454750243
4604.21287822454
5144.74189904807
2150.08527394517
4884.31431764771
4749.01416532055
4064.60432879993
6169.75803734451
4865.47560408174
9317.85762234536
5848.6748302494
4451.7832412804
4563.11203396203
4489.50978262259
4586.68902462882
3701.83781308527
5195.20549546771
4268.34095364545
4455.80140244003
4877.21790048248
6378.03868170651
6134.63395842784
3769.11654767748
4389.55604224444
4183.0827282266
3681.69716389181
5798.21091459621
5304.73578555825
3617.05134171486
3575.57703313929
7238.61168347029
3799.20250181809
5659.44639382123
5254.5273000198
4947.22555055805
4098.67959145274
3296.84184198479
4323.43616287366
4717.97925586309
4885.62620082169
3666.3052847036
3979.52898212132
2054.03997359355
6630.08005883491
4700.42794210041
5349.21168580771
4878.26336726652
4297.79005645693
5241.97260563248
5012.14050430529
3776.20320543929
5500.2520457131
3113.33667361863
5376.79992024808
3705.08291955057
4911.46858822643
5465.69591368221
6326.03793966258
4259.29059561265
4587.78485740159
4896.59912537945
6301.70596832685
3915.00275992498
5094.32870014106
6476.70211518282
4020.80816356631
3029.84259905787
4731.98979342407
4900.50453279535
3133.47670626052
5244.05730408456
3333.32304940525
2981.55112890403
2924.31404960954
6493.63750239492
6668.80338668695
4930.34916383818
5457.48358209774
3866.88577881775
6662.95183755671
4852.29492412812
3171.13723149395
5160.64361092814
2358.82441802755
4503.13503811753
4792.17952337487
9714.69468658231
5361.51584092752
6742.05704355932
6231.92503790493
6336.70307555964
3894.8785085024
5359.98204043972
5401.95804842219
5218.50441938794
4524.36355431593
3464.09958986587
3462.91551687845
5179.30646305249
4698.07573169117
5676.35039732385
2155.09566647631
4999.21001352164
4394.8186105232
3887.96113306233
3855.95581315506
4571.94351926615
2829.46201470406
4370.17537277907
3162.42443415384
3416.35585527144
5507.03094304546
3482.91835851342
3681.71381533142
4932.58059384228
5635.18772406406
2302.49625522859
3663.81673460725
4018.31892069191
4615.81897503921
4881.45060616149
6645.87618225865
4074.14899792904
3825.173218252
5225.96177231608
3774.42637933501
3768.09457428041
3709.92934558531
5886.29451044188
4809.35714789516
7124.21326838474
2835.42767128627
2410.90700327159
3121.74004571312
4082.86475927173
8151.08934642151
4938.10500598401
4382.92238296128
6193.27428104641
3021.58958724258
3138.08792583277
4549.8627195355
3344.29969780982
3464.01590052711
5352.47528633163
5962.70300179813
3668.9835717723
4820.92084335891
5999.98344220041
7124.83324351077
4021.64108974731
7506.61773642191
4935.35973849378
5400.4833565416
3642.80806317808
4935.62948658779
3065.20992007134
4160.05441051427
5231.04293359997
10207.9936740612
5559.95016839442
3880.6188785243
4206.69171658598
4172.19017017725
4817.56629789061
3414.22719521271
3922.27839464639
4037.70734732367
2718.40354098759
3863.9428077137
3750.27571876312
2828.73334400693
5243.98992581926
4123.86887106944
5616.04284742349
3714.96161082175
5325.63732696128
4816.51853379261
4353.56370175349
2931.90737365988
3060.98330901216
5387.62158039417
3087.12030273676
3016.92247724464
6368.95718365122
4390.83904756367
6185.05782881527
4391.06402030454
6061.40229392532
5319.41029511469
4681.68820036505
4405.57239113349
3855.76955815322
2108.69897116427
4106.14711435828
4649.07335071466
4489.50914661966
6658.18791826052
2878.74070505724
4603.13985318546
6309.74940160784
5249.74426497771
4002.84547978643
3068.91283970006
5393.74848377091
4092.15097398582
3972.48510925807
3521.46502446994
4355.98424532242
4690.947333462
5863.05396296286
3360.00284144907
6082.12184959044
5379.60063248522
3394.98083481014
4972.41179006702
3644.91267930354
5731.82411643508
3673.02540316865
7116.43954056783
6479.91198020806
6743.6100645838
5163.59923694133
6278.58136196985
3523.16551759595
2481.86615924455
5299.28826868563
4547.54441080032
2881.80395193496
4402.93207421738
6028.84386803032
3699.63886275962
3012.08712178754
2121.88349922538
3541.73040895416
7514.24266618395
3312.23302817826
4018.79354040626
7673.07026688932
2580.35551652514
4553.8983482016
5910.78433769227
5102.26129920261
2448.52654506337
3594.72744713368
5312.06515461724
3314.1071073275
4592.81265237035
5275.04931043093
6765.647107927
6953.68770546332
2719.43277947923
2753.80409733768
6065.23111681689
4252.9063482534
5398.72713546521
4742.64613697703
4676.64599654137
4907.54125951383
6643.67006539076
4626.37918602586
6793.11119244885
5182.28676135447
2951.62187147136
3368.48425011631
4425.1963461466
5714.87174127288
4062.1888753681
6702.91207354272
3820.44358394497
4429.7061098606
3564.98199125664
3563.20411033886
3829.64028570727
5655.36996736514
4924.3194878949
4828.47313484579
2699.73030684951
4114.04547739563
3300.83956456915
4920.73652055273
5947.20226571395
6333.3769780129
4225.08374638781
2168.98977730358
5222.67762607341
5132.58213132039
2757.00457700476
7864.95579775228
3207.50651495911
4149.87436677086
4337.19775718265
4513.53787676434
5229.71611663145
5384.11318760129
4479.2861345257
4917.62547927735
3958.52844694213
4288.32168681475
3246.21603161108
4891.20107459446
4107.56824161982
2906.13191271082
3127.48930152816
2500.75814343238
7170.28342315993
4532.31008518666
3162.02902450528
4722.06279266339
7151.34027653142
3932.78521773501
2340.89144801858
7073.68705746075
2692.86576010178
4888.93039599871
6978.1887049305
3683.88346477798
4129.51505400633
4940.70969491162
2859.47578136845
3109.19618614723
4809.0681365373
2783.51694228583
6873.86132657903
5959.30895533403
3638.71362242891
3680.37231870149
4021.26830653905
5196.35963382587
6368.87796062352
3352.73055929918
4056.25245360229
4312.5164904577
5970.72496979738
4591.85092184669
8197.85277389373
3812.71233444645
5220.7730555522
4188.06776423652
2839.02360546886
4423.6729666993
5253.08033196384
5549.4427106035
5167.4246821074
4045.65718690286
3003.22886729424
3397.68558222028
2568.15092643959
3958.20678765764
6546.46250961568
4441.98762787979
4939.52227820844
4458.85930032476
4784.11997732555
3709.55817529721
4101.88640824778
2595.99407268435
4503.92732756545
4179.29572215838
3705.39085612316
2534.05036074437
3692.75103641446
3178.92208425135
5324.70119855652
2321.77517244613
3801.4208449097
5722.99968304283
3328.29572983242
7021.44692964307
2947.60231911209
5637.77303021534
7511.38103313096
5117.34471969943
6279.18002749446
5584.44844921063
4228.74744068577
5052.6659584018
6519.02742415442
5602.22398586388
4321.24058549324
5773.98978404021
3469.40877641171
5758.21195640182
4481.45310666011
4181.6801562325
6682.15849618755
3884.0735675444
3048.61476176953
3065.10554143217
4093.4128033447
6031.68922535285
4465.14109923501
5229.82622455607
6294.09499744995
5191.1171267773
4719.86876950838
4829.67229752948
2269.36581556269
8274.29256207669
6984.85898740643
4025.01951539099
3749.95662578109
4347.71195920797
3713.46388002776
7979.86380676226
5372.38506453491
2045.7120192733
3956.56878366246
2597.536221554
3056.44009402133
5467.83232972202
5467.1310203446
6027.66930873977
6050.83872811043
4927.98635970913
3173.9382336792
3939.14978856263
5238.65591216301
4756.98852984402
4006.06024577203
3754.62004574699
6174.17484922405
5999.04478828781
5234.86201137309
4539.33589796306
4301.62665597504
5611.03067703096
4653.7208461465
4704.40952584773
3833.98461513083
4916.63288344791
5288.09126476753
4550.69441566664
4729.42194021776
4123.44647839098
2127.78967716671
6056.57906737494
5687.61824856301
4641.2644884014
5302.91078471306
6357.64556856443
2167.87407253146
6336.98502091071
4803.89603068974
2831.11306794925
3822.97105647146
2838.26959141738
5104.30349514657
4218.39681785929
4121.1568147169
5266.80985520695
7236.15234717155
4075.62013595436
4631.89018813838
3159.2357779902
4599.1132035942
3515.86532699127
4552.50002059247
3571.56919378178
5704.13060353108
3798.28619303617
8700.04069688758
3732.24799379461
3888.85077695116
2723.08528300874
4078.72568412854
5388.67339335931
3390.07811958313
5180.71171554899
3714.07291903803
4557.11024468234
4555.29206838478
3143.25557123587
4997.56206864648
5390.31637229915
7700.83933335249
4778.51546737656
4402.91847488226
6185.46067898878
4910.92780383284
5981.86847877832
3788.15775683872
3173.6404925073
8016.66587962589
8316.02548513359
7040.46990456832
2525.68055993376
5013.32230540903
2596.93952217639
3992.22281698092
5419.51682057945
4580.05892013553
5159.45451025862
2369.39359370204
2410.63109871655
5116.34541475043
6762.76839898605
3955.28719072104
5870.64084094992
2896.02375649099
3779.53793452286
4358.56144595215
5359.14687585369
2900.24419290865
3876.81320816084
3896.73023171537
2887.66705527403
4416.63618852174
5159.37571206087
4394.25847976376
5270.57078420985
3774.17004813835
2641.386304541
3828.34098703464
3771.62718864286
4497.31872702745
6453.89041619623
5325.37253193187
3586.80436955773
2028.33702657887
5533.68994233293
3098.57225904538
3954.62797817442
4198.67708709458
5899.48889353952
2507.2534676029
6129.74728816191
5670.20189735494
3656.49576334484
7206.78755542303
2376.69137341265
5311.15235740292
2461.95624709935
5604.97026027976
4466.82959509416
5799.45775717938
3730.67436052892
2116.68584908309
6869.39159035356
5370.69471809913
4977.73054906234
4219.97162818023
5035.23111073272
4696.94636683421
6208.33075723055
5126.39712287485
3881.14994341936
4465.32136126866
5596.96310071378
4060.37798966789
3253.29558480134
2753.85440010103
6063.91449025295
5318.66327442393
4982.87267317189
5383.49806999558
3240.99067316788
3750.81040422254
3665.9015550849
4501.28683640736
8186.23001733291
6154.78701368351
4805.31780360149
5386.07735403067
2684.36194603858
4651.05528714138
5277.94343397339
4818.33763869574
5946.7196997056
5924.27115296416
2094.97987779399
2193.15619587307
3289.27342719513
7468.03038638964
2448.48108334266
3739.29513395449
4645.19908826898
3133.88521913764
6759.92773965222
2897.76210266118
4342.07950715176
2347.97095505419
4069.94215890665
4907.97667602761
2085.41871543559
2823.42146410619
5028.97022491655
4789.06695591235
2722.22292165677
4580.95702567437
4174.07643062852
5483.82576088647
4859.51529641434
2686.83091662272
4655.52769469792
4840.7899338194
3514.98924916972
6712.00940361324
5206.43261332653
3949.40358282554
3736.46027661884
4565.01284568494
5021.31839151341
4450.59430749249
5962.00048075268
4787.07179198293
5620.35716679074
5329.96221479439
4960.11570335883
3968.42646509984
3482.00546179024
2523.39288139457
4869.71605335394
4744.62696353119
6379.83145284303
4422.15997367923
4986.76190497825
2999.5927665278
4712.32868213475
6484.41066924243
2876.40282984824
3788.50529170423
3451.89885503359
3224.53331774767
5790.88003633998
3826.22794516335
4088.70954250932
4700.78294190074
4045.11710457299
4669.52566449663
5421.34086319908
4784.55940227408
4608.25637377163
4128.74039016943
5653.30760641283
3047.47104077029
5801.02747243876
3957.93031975313
3502.6384797499
3514.41587027184
5250.64120738508
5719.24054836211
4008.33113374784
10718.6324446836
3761.16043104769
5788.34251732606
3445.85678258315
4264.89389363235
2797.81972640267
4863.60424999225
5583.82479279608
3346.47836848142
4779.76218878825
2231.78782546058
5703.88697072661
2260.21232230163
5014.65691164241
4580.71436429804
3300.08031881297
3405.32117692438
3194.82571635432
4071.56831285018
5499.53402158737
5056.60257662119
4529.71955174567
4092.62243767646
4501.25603985442
4498.81550586991
7074.53366322291
3921.83896527003
5731.82134102396
3403.5575907668
2730.60451299321
6206.90923013233
4732.91787894038
3650.26845528219
5042.44690324338
5570.61550458719
5256.60899465145
3183.69843070357
7344.27152360796
6108.51667042916
3167.05314712271
4912.48011177718
3252.93694408956
2760.5207084567
4766.4585104244
3108.81809390438
6049.15492784875
7424.69361382337
5231.72452921556
5363.34015023649
3522.08035561647
2870.54148304305
4140.39207700159
4344.14829034035
2545.68846236101
4332.28830756353
4812.61916773614
7059.30788090322
3236.53820432902
4653.75504709239
4749.97584951847
4509.21315296178
3949.4673243286
2010.31749965991
3691.20612066444
3838.72835959529
5771.61240622017
5896.33772894419
6858.66606185217
4009.67641551641
3689.54150256911
3439.64302794033
3629.35756312745
2603.49361573151
3395.67037069315
5244.02035990231
5610.67659341904
3840.8852753088
4012.797673204
2445.33754930288
5075.47196941232
3565.77113717684
4229.33663580084
4948.55634618234
3415.69126696909
4856.08917162871
5982.24867870925
5512.50895757897
3534.76480831806
4168.83171097538
4881.6065839304
4129.18484693407
6383.4843302533
3578.50175061814
5016.58307796332
5591.13875500115
5325.0042274963
2954.61721060882
5996.06759634641
4229.18379793429
3670.24377490387
2904.79363121008
3702.54458148796
6803.50107609635
4175.81635729802
2099.26056750752
4745.17234652702
3999.77703703768
3269.19349566179
4990.90928559132
5350.20471351211
3119.37754451912
3996.9503932645
5942.87253886422
2715.54262287927
4457.62667701471
5330.50468989788
4979.50812718457
4911.15235463944
5024.5587978093
3234.25394041349
6740.57295941883
6449.16060472902
3565.20568208113
2874.72126227365
5476.52444438352
4907.39472485113
8874.30789768413
5535.74322434697
4879.82680280581
5310.33469959899
7709.54219864284
3389.05445592732
4727.11626109816
4451.27909133214
4268.45060550674
3867.89262863421
3348.30683930707
7395.96449159365
4520.41898002392
6112.0577643856
5283.01711922864
4110.28291123567
2864.95749966517
4058.13644954531
6183.28284059905
5448.79043588434
4123.23429423753
8019.1410680042
4352.67250721241
4172.11321229162
5404.34628400222
4847.17987582834
4268.90646782964
4387.71454570047
7601.80941530962
3368.14248901808
3126.50426951188
6103.24246007263
4816.94949517502
2599.42884347188
3169.29290067567
6615.38811205862
3304.55602653779
5622.38884205748
3183.63597720198
3913.46950016002
3193.68977865075
2772.46622454429
4442.97473119815
2611.72310689048
6147.42366942319
2352.52179316784
5828.91056030436
5419.44482951724
4257.63230426941
3044.74464516273
5178.15408319366
5410.59499684128
4910.70885709651
5505.39403825233
4843.5693023604
2738.82132579099
4566.20096473941
4664.51508241172
3965.5533585898
4394.3112843678
3663.95413121436
3743.02928486111
7756.03364616071
3761.52897045203
4574.71366993184
3532.75427373051
3774.4046148233
3036.56747879461
2702.28563408157
5314.48531748307
3668.30167157969
3863.02337565492
3596.2919158596
5247.78388162521
4710.39914607843
4322.8319923314
4369.02743433198
4445.10175795633
5297.05934745939
8244.67790051431
6733.06445782387
8193.1530445586
3510.77836907897
4298.00079887746
3946.03718034746
4473.40434027798
3920.09650884772
2821.54416007259
3218.67623087807
5059.82446292126
5420.81682336253
7272.32889991317
4394.5929661661
2023.01532215035
2987.43864083245
3702.5811867334
3520.37681445368
4403.46677819681
2199.59936660449
2938.23644498708
4799.10835385013
5845.99096912243
5588.30546034313
4168.20727778294
4190.28030467288
5670.72632082949
5152.05773378038
6741.31506475141
4054.89636945012
5425.46461183565
4692.87841872418
7233.39774609026
3026.37288126818
4552.24181020931
7889.16054313727
6336.79811116442
4107.00708660985
6593.8097859925
3911.38982649087
3727.01751966503
5177.92596398096
2982.92172130567
3322.20969047772
3843.8237700116
2793.75797332548
5287.32277017657
2645.42665606864
3086.78347829286
3712.03228615535
6842.4828206745
8763.3921264402
5287.95324048048
6291.64483775598
3919.82461441279
6363.67745048073
4045.55584739565
6149.71632484977
3444.32221365997
2679.54443220392
4247.09399871886
3027.98743524455
2877.16413112001
3800.98618385818
7327.46738474804
5180.86160822497
4228.33615859751
2055.61388751322
3200.44379712524
3926.88929487417
2737.66144751378
2593.61190834879
3103.82893943235
3759.74947996485
6026.20004623215
7237.9447066019
3417.2912511505
4640.79864105786
3555.99425682434
7865.41306833417
3706.22634191843
4923.16074676432
6014.04343289976
4098.10839811435
3729.64780443228
5521.43741648821
4941.27182488196
2828.29029134103
4914.93883439988
9000.70341165253
2333.50145047708
2187.30068233589
3569.3736876149
2626.83244092242
6199.55369476283
2746.12142827863
4496.7670050725
3302.00777530824
5653.77131791106
4125.34116406235
4907.79852575991
3402.60188913914
6664.93758862441
7261.46842715533
3527.96238670194
4762.00736387794
6496.11583203647
4138.49533764129
2779.24315580019
2969.58264898273
8323.4428278149
5447.60246839688
4704.81119467273
3994.27149480795
5587.43758470255
3399.00523696716
2776.05904999279
4183.90606319947
5660.88908663118
4138.3652932595
4365.94137193669
3462.27469087036
3650.67027335759
5317.59016274063
4266.69039485771
5019.05168906784
4003.30545888098
3436.49428415153
4415.32842363267
5406.30059217752
5764.30337061374
3816.76789683888
5765.27939263499
4104.68376448579
2428.95461485595
6134.90488903576
3600.78994012915
7051.23623515313
2950.62044690588
6692.04868362943
3518.22660721205
5735.90244258849
3456.16064498688
6084.19877369614
4360.37472624922
4214.99578243148
2568.62112469229
4305.16346524029
4915.7467514133
4384.64926996044
2270.51868893715
3363.27478636482
4703.72904433913
2773.9353360712
5578.967732769
5481.23506524211
4378.74249384933
5382.49083616939
4350.14552627185
4009.48087819979
4208.70758412532
4278.0497597707
3754.21962388582
4238.46217502763
3854.02921682358
6107.40650847388
4459.0487052255
2287.45693877015
6199.90300267397
4930.79778987822
4120.03060360812
3204.2093649608
3795.11794104346
2408.3741103571
4745.22379561883
5975.02904495731
2927.27011661836
4509.43302676148
5423.56076444389
5435.88085285089
2630.4212640254
3224.02031883925
4370.85745239426
6340.20880045187
4159.37112817742
3281.93632845212
3413.4098204771
6079.39546343394
4409.2763621722
4262.65087386384
4580.5462090445
3678.48210661172
4373.59926575741
8853.64114708809
3280.80537584432
3868.83262077967
4310.54221391749
4782.21042284458
3394.58573352484
5246.98616586869
4941.79630373165
5851.22977271538
3941.55042910321
3580.31101242635
5965.30160345946
5991.09083157136
3774.83813732978
3894.72727539037
6815.76083919953
4881.7796190043
2374.96245123005
2186.05752428693
7337.00742217674
4458.96366616577
3755.95042343705
5845.16526941167
5327.06818505088
4828.96716035323
6530.3157884575
5137.9399081535
4801.20739491531
5853.28197662821
4700.16269864491
4725.80372363854
4944.25855494592
6601.6934012153
2591.47954376849
3061.57243784612
4552.70260422253
5017.09533341304
5942.9603102225
4901.10386021125
2485.41294662281
6844.63832531422
5031.60718873286
3855.30226294944
4544.18637315756
3287.7207994474
5405.99286000511
2989.21957277312
4507.5268412994
4263.76101033511
4656.60963516593
4464.21287730375
6412.43097276126
7067.30769274536
3170.4748117622
5607.95165834207
4487.29044515827
2571.00888148032
2558.49922438842
6568.55804543343
4490.6009238445
5325.21499169953
5459.60859486843
7583.15260098387
3573.09100588125
3399.17597395287
7444.43182070688
2556.81830260454
4765.43634579174
6448.79933307033
6496.57971018156
4334.04032152575
5476.21691046667
3180.03288768811
6683.91726265377
4982.07793729865
3636.46848793471
4142.67881759993
4887.28949017196
5805.92654324766
4680.74772952022
5742.22770069545
3374.50150220305
4871.95767723187
3782.58918178005
5579.73685744684
3138.14327001832
5870.72944968025
3929.7278929682
4150.61298581978
3810.83610979387
4486.98369999154
4808.15082898449
3149.72612373212
3046.57381997189
2399.38132796852
4624.67209426663
4102.03607263737
4438.67511137812
4617.87789152825
6616.96372704947
5867.26282333764
2238.94249211611
3840.34346874336
4332.97255216206
4080.0332363045
2889.74860388158
4716.10424975743
2095.05435456035
3817.319289864
5795.30759350937
4274.32116572596
5722.2899706707
2429.06702098614
5778.1907171305
4018.61270393324
4266.8436896544
4165.59208590621
2563.95502266643
4180.48124123321
6452.00843067772
3419.13322013248
3897.26412163598
6203.3208793957
2407.9773831091
7618.32403596872
6887.16376478359
4660.25491164832
7123.01382505938
4278.73047849412
3030.22286457539
6476.52562080365
3910.36753863547
5451.07498676573
5190.75287541035
5721.76934002277
7043.08724507076
3330.14476709731
4127.40264472369
10207.7873089864
5434.77617524701
5475.38632242078
3703.99258762307
6762.5821832519
2299.81006759101
4309.20079136313
5242.85304049424
3029.51953547955
4227.03209889517
4056.93997777573
3840.2323744552
5995.34759744656
4566.4077806049
2744.95393820103
4628.00384375471
2904.32211865659
6284.90139552168
4460.01798571009
5349.10533980695
4319.52433312895
5342.28168300378
4136.99441682382
7133.52305171191
7472.47577814701
6954.15479223363
6298.10957540281
5869.36645722011
3562.86717640425
3299.18152090903
3750.12576148962
4209.76831561181
5904.53672582731
5278.21080589548
2040.63790758045
4453.66138499676
2373.37246159937
4104.35153207992
5053.47568241503
2980.4833648141
3379.70233654598
4723.58868006667
4620.70193166607
6173.17215583797
5836.56671391458
7137.49050126339
3230.21660602292
5578.93711234192
3310.55751252763
5336.57002469459
4134.26129593879
2883.42604195563
3555.58872716378
5585.73903428975
4471.01665956354
3276.326879239
3534.08655067678
5061.66389776284
2906.9667813936
3901.49556700718
2748.3874487044
4724.37521202103
5385.18436265423
4246.84474659899
4140.50607860738
3667.60281907196
3566.60861506673
4958.93665481568
2635.6600333217
5136.11756058702
3665.26105559454
4048.26598794217
4299.22374258798
6894.21143579912
2622.69661620818
2096.77218963683
8937.26674410415
4664.96678026723
2962.99934785305
5819.98720775221
4111.48976033168
4167.49153216756
2749.78140458472
3888.69656677387
9935.57309044492
6026.49234077678
2062.46800124361
3465.19135582014
4865.56784920133
2992.57777274625
2806.38311501621
6365.50751427843
2863.61803146146
2796.01895478154
3231.54214707937
2658.49694833295
3776.74702583207
6364.76693591819
5969.19318556741
4246.32124727393
4509.28188185474
2608.58185820541
6717.64696130569
4112.97166928764
3541.87890676544
5934.60423383215
3885.3599662363
3699.58919072465
3957.52206827092
3146.38682837796
7156.33708623009
4919.47513940705
5267.21628284517
4226.09785233658
5058.825620181
7081.17395730626
5784.70235323042
7511.68080794105
7868.50345154061
2800.83839625285
3889.81387193361
3593.77454725464
4904.38553544851
3361.47167738616
3497.51435718866
4065.88586746484
9431.81557623795
4790.64652040253
2633.34269721544
3028.26438251548
6781.8976200786
3081.78241996377
2848.1228302014
2165.33356456031
8041.67431199134
4666.43242269339
4345.95609282664
5045.98003059417
4761.18220115767
5778.45567567023
7407.15356230039
3534.56274806421
8089.97444460267
4870.22626101454
5136.60581192642
5476.94167593466
3902.16141136306
7301.24683313328
4379.21571834266
2771.46696740854
4915.46626886637
3640.96639031958
4050.95931080525
2769.4149990774
3566.45097183476
4914.58053978375
4828.61254603482
5731.89823189773
4122.50455687711
5030.92371084116
4031.42697349352
7245.90160087224
4537.73929360301
3134.55436217268
4818.64684813376
7365.66228905403
2903.64973987992
4379.24798449539
4962.64439786255
4722.85510034961
6353.25426573831
6512.74119123093
3447.86833510629
2661.25570293597
5464.71351295187
2438.20725128415
3764.85236397472
7236.94089031292
4803.79894674058
2142.45477713099
4682.60792091157
5641.29267329529
4495.31813512279
5544.84184617479
8330.70894965171
4817.36714129852
5973.06700955144
3539.09988114483
4150.99446720738
5360.04991792124
3539.04287697985
6603.57414083798
4110.41682068828
6462.60328596763
5847.12286429794
7967.68400059514
4106.01166359866
3545.15097125854
3638.74379750738
6115.80264358193
2902.76412590596
4723.14197922305
5064.87531713879
2390.6667855607
4523.6013692302
5986.72220612305
2761.91751500822
4143.95416490596
6322.04647136376
4425.23161455398
4267.31310588373
2247.93068686841
2419.42299081821
5031.28994977353
2680.78852050922
3915.58727524003
7051.63524773663
3886.1737888709
8359.71760012734
3045.38079124555
4729.90177666402
3292.51984836823
4479.53145748712
3270.36408643623
4193.51247583525
4196.16039774594
4418.48506265254
3009.33015940255
5260.24071432828
4177.0411861318
6643.06316838555
4064.44378589332
2573.64996847145
4726.87195736274
4863.06770368073
4803.60946582569
4360.27355984313
2736.33468423124
4415.48953512271
3655.31140854251
4935.30949143829
5539.7530405587
5551.64591195247
5432.55672087687
4725.17253796874
2576.54375434472
5000.13529669644
3370.6259398366
4708.49600396469
4855.93813831787
7271.31188763236
5054.52057464579
5157.57159454428
3179.44295827494
5559.13238640782
4884.44485946641
4314.95891652326
2345.95263167221
3101.33674729474
4807.37303884169
3784.86524219944
2182.61629979146
3990.97493390839
2471.45217692462
3146.73063358049
2873.19064471975
3338.19646694013
5414.610794251
3243.2026599352
2656.62242561699
4373.44879389424
4610.41098987934
4633.59134928076
4038.50422296072
2181.98150279457
3452.65379047731
5135.36941981814
4142.32725433502
2149.11224342153
5322.69331233789
5383.78902952333
2927.82503339743
5216.8688821368
6103.31331831464
3591.00274449856
4382.81088190661
3466.35693748272
4523.69400664428
4053.78082363819
4636.65701890111
4638.58987294296
2386.5435525058
2315.51561479545
4366.17611278214
4673.74726907205
5931.31941188793
10587.274386409
3684.48342863394
4139.001760729
4517.08147731079
9965.80476259446
2704.87593771952
4078.60441991758
2882.02281491932
6692.11707980373
5497.87049058633
4116.36358443922
4320.88079482743
4261.89738868191
6931.79032073093
5997.99665614342
5138.62723307999
2589.27279980376
2008.70846252127
6224.31655497643
5236.94200282805
4635.61167409841
4483.35214000167
7077.49769440646
5235.36176916921
3187.37164050157
3228.88744164216
3699.52044912785
5258.58399505544
4053.87711074191
2985.8777715259
4135.68024060168
6102.48934962179
4850.3326600122
5006.38386417026
2126.07941079901
3855.88578911146
3362.45688124103
3650.06988567141
6131.29411083544
6870.5699871325
4312.80960902975
7829.87326657514
4253.92044461476
4815.18238806069
3737.97740080372
4669.07858192223
4818.23099453177
3040.01461505799
7192.13588051983
3416.58303420341
7479.15959800133
4320.18224599603
4932.5158205259
5000.24952218148
4602.03785999011
9162.28315027113
4515.8140228958
6397.0558813408
4171.69742771066
5624.57302716359
4653.61228142869
5323.93221257497
4210.53646929577
3679.71193894779
5648.48602734712
3755.03411259071
5735.01727143234
5173.19603131805
3906.05685764274
3772.96007243782
2700.74183185957
7923.95133013688
4901.27343746916
5244.71605302611
5492.38572523686
3411.20819610618
5194.63813070586
3479.7856799554
6290.65083069103
6312.98517899499
3542.68168270505
6273.66670989063
4174.33140534837
4344.36644838647
2242.85610694239
4574.97190983865
2500.53232599096
6663.75666727637
3550.01766811415
5130.40145123486
7909.61911972022
3427.41695605236
4269.24099607976
2998.05668997261
3690.15294467002
5055.79573754119
5333.08310880404
4482.86950529557
4155.55335976931
5237.57079831408
5072.79992014549
4598.88103886244
6114.6115929014
4479.09645613492
2995.87440020982
4437.48216561327
2953.62138882071
4700.94805780985
5069.30590601209
6427.50790992678
5174.59980689371
7063.60285340396
4392.48087648122
7980.56369893175
3863.15201928176
5105.22229007788
3659.78098244289
5590.55951225805
4677.95858443027
4522.59136649718
3275.09854642326
4042.80287881642
3620.68173018061
7661.08567232266
7126.9181780659
2231.33207128092
4407.06673125322
5207.13876531608
5408.66760809295
4555.48478366226
3546.50669561864
4828.97793818769
5138.65338623462
5414.88006357721
4871.52757481295
4687.79542243844
7092.24842386655
5358.40104431939
6149.85546190337
3803.64924961568
6582.61727369874
4524.78597476032
9075.19184157783
2184.43123718765
4249.94032278775
3660.57244570229
2389.53617388065
3744.7310452482
4433.54596449363
2769.3259243571
3248.93218753359
4246.55926908296
3866.11167283295
3848.45055322362
6664.01668304303
4418.90373790009
3637.30596963253
6751.97286453241
6106.21021388152
4398.50922334418
2987.09209354605
5671.39286023843
3100.23465404396
5404.21308272684
5485.10379856695
7269.39517238188
5549.79251234665
4326.68774046525
3140.26777879229
5297.19790045385
2479.38000744563
5882.74766629236
2128.6525617471
2545.75895430273
5950.37348638528
4187.54554097652
6497.51130160901
5595.50703509133
5386.68572280738
2726.551640869
7049.14003856799
6066.82678255866
3910.2188720393
6866.76061851498
3574.03982922196
3481.16594912732
5279.44629544905
4220.80160032061
3552.72219676428
9140.25302300558
3057.75829108747
6438.23327032971
5951.64750259089
6506.89225060767
5550.84401097412
4421.78129483713
5185.41249587691
3971.536226738
2694.51837277767
3736.69798401654
6304.7326006837
2957.22082063574
6279.18954215779
3980.72120019737
4652.40578750838
4964.07149260754
5530.9960719135
6869.4684818734
3198.3240044053
4333.91567345371
5918.99374885877
3937.46530161479
4135.51346462237
5385.16622088944
3535.45480801196
4607.54447506597
6569.21394506931
3960.27067247792
4147.06379442527
4753.70679680969
6831.38627231673
3772.55436096871
3575.96167032263
2142.49258488408
4652.01005859344
2613.56793838787
3238.21621024987
5804.19601472746
4846.37576666915
5146.61544181093
2113.37688591317
4249.38289477405
3949.85885954711
3644.43320408823
4089.63685955537
4812.64482134285
4424.16786165779
4005.11040907479
4041.92206510901
4162.34331288058
6523.18100740118
5621.60483573081
3816.15632803445
4252.33119232498
6729.11211743507
8410.32336440317
4633.32451697809
2626.77701456943
5080.54414161039
5358.04600951367
2423.21271423554
4745.7119072705
4887.47480804058
4606.79969305806
5460.95253151409
2609.02713681681
5293.91390044132
4686.17413408985
6879.66161110639
5609.89759421591
5026.74772614364
3322.18138849626
4196.41326538337
3137.5341408635
4573.63080999064
4711.20116908167
4826.28981450304
4388.68349850943
5370.15004387265
4360.62195720514
4808.03911244275
4312.17235735522
5345.58589455788
6712.3192491857
3509.59652768982
4380.58773062824
6204.9018481286
5406.86307552666
4153.08092919563
6553.92309211449
3120.02065873025
6461.28169370888
6249.00449648384
4395.08886320287
5284.89428608901
7409.73101312524
4138.63557900768
5475.83344961348
3192.0446539307
4759.23096390304
5806.8605552674
4181.25390803934
5215.16091343735
4337.4375199656
3744.04288002108
6067.6733547446
6072.55610839292
7056.85612669851
7095.3990855686
3485.83112877968
2370.54429095286
3230.0353570862
5870.03074001393
6501.97052618214
5051.42691681177
3652.2319792487
3763.18449902631
4673.51431380859
3773.7697925171
5102.22572851715
3904.58914466158
5706.53571456721
5154.39195144772
5597.68178920674
3996.53732315476
5941.81171416999
4741.6279911105
3586.55079083554
5259.57611243173
2236.80359631731
5418.81337403489
3674.59957529562
5668.95269441578
5396.25182425393
5169.7526024228
5397.07013403841
5610.2825419712
4724.27318180747
3289.14414536271
4016.75087852103
4291.57082342994
6313.55405466813
5089.2559308175
5567.30738615446
6548.1915787581
3479.42882833177
4033.72770417862
5278.82761922121
2971.00202674403
3657.71703196683
2943.94432263778
4080.44381545536
5822.6122090026
3488.89421199934
4646.41930814107
4157.11118467605
4506.23482612535
2692.46537415717
5202.06472446756
4488.24059901195
5795.37027801354
3693.59771425713
3995.6113070518
4334.32525189294
3228.68047321661
7549.61040900208
3954.25964824701
5121.76997215871
8597.38896549563
3361.61143209495
4707.7298333877
2360.12670559255
5787.88355950456
3943.85312498309
4945.90583174276
3257.55060641715
6354.01744778554
4574.75687252089
4487.76078037166
6564.62124584817
4376.51081644092
6557.72903791309
5541.53380419359
3688.51174780575
3275.23701923088
6342.80474567488
5590.83229073083
9756.63122639666
3666.57154317822
4494.26376034906
9415.06331632402
3594.88367052354
6424.97859117633
6458.69956712003
5609.39059975749
4943.92763177347
4869.38134025732
7630.00944016993
6687.71679351353
5830.10883885893
4746.39476353414
5909.00955528215
6133.33838926072
6571.03298004559
7231.12735736312
5239.77075168644
4966.92934021912
8409.14662413908
2203.28012330509
4761.64408110202
6147.52811987853
6247.4191420506
8281.12493533908
6162.70352954956
3560.10999519614
3055.91967410106
2275.10449072148
4908.13118260799
6476.67004738014
3281.77223886134
4650.70548407601
3942.43630461118
3802.12709400511
3747.85530691614
4443.17058326233
5604.62332178591
4013.98540977539
3947.23657197764
6587.75449660784
5102.10944439885
5120.03262422151
4979.97457311057
2602.49671903601
5121.41893289535
6500.83865739906
4736.11535926747
5737.63124353976
3238.56734864422
2399.94554605783
4900.61330727459
3432.26854179124
6370.67902410883
5697.87771732786
4077.13361956622
8880.92859129707
5746.45587433607
4840.49158457456
2415.21192197239
4015.82574228481
3485.65907751487
4858.40735332477
5924.65614461192
6152.87060413712
4496.25701808511
9908.86427163736
2326.87169954227
3252.45754979815
5625.1594246958
3680.81995083043
3349.26232501499
5688.53148664546
4760.27903076598
5661.90267398676
5062.81427793152
4425.66143534438
8092.47691279206
6867.78177013565
5117.08675321884
5055.78938992404
4660.98526886617
3887.19756674859
3486.63306340058
2903.88983002884
4421.03097737309
6039.06934929116
2468.56930960027
6091.84468382181
5447.81932625402
3605.67441745431
4462.21999662603
4158.39504999224
2701.94861244837
5646.8933058033
6651.15731179044
5125.05614502485
6320.51087489352
2871.38764370129
4895.67442355145
6368.73053899433
3890.12529716027
3280.66578022385
3805.53673512077
4032.5584023137
5761.78251141421
4562.20974492645
5018.60184035244
3318.55754957274
3606.44437924092
2118.69819226613
4094.33157967023
3971.2621774555
7250.72934371149
4521.00002236348
3455.72075472399
5568.01509887812
4125.21110646791
4795.35181495576
5662.98807642464
5003.71082627193
4673.75937092241
4664.62708272594
5385.2339820045
2164.609778313
4038.59626746531
2082.46184975694
5692.24343118933
3390.2701675142
5719.60081554958
4310.05082769048
3771.103698
5255.83769322643
6086.37772489359
4130.95237153674
3053.41921156609
5043.53485285628
4898.15008340583
5323.24000737574
4303.9079095854
5259.22688135257
5834.80495245027
5900.78333078389
3031.68185154309
4496.1509164941
4873.13834823348
4214.84861235015
4338.94131088113
5086.60399642794
5677.45142452331
3517.69416689836
4884.85072580921
5994.24425558728
4043.67285000438
3466.54547280227
5623.36388825744
4360.75940541686
2423.79501532271
5884.42636870536
3012.03818673279
5744.69812272488
9677.60191903807
3650.96571325812
5696.19307373531
4697.24297744566
4929.04973698569
4402.33250806228
2137.0258344101
3845.11865318372
4752.13814007251
3960.80544308351
3965.25211881415
5473.60263536721
5402.71666934266
2910.5280638403
3694.11687149397
3626.94617141366
6198.89717725213
5816.83670024384
2419.60314504326
3692.09137151331
5501.36634325208
6537.9516153849
4297.34726514069
4888.85297266467
4826.06456754401
6498.41647664518
4522.94924640521
3608.72200008142
6025.76592467529
4825.20485493105
7383.65080499134
5621.55572596983
3329.06150661001
2535.379916531
3506.28836092515
4013.27882776805
3405.63911836063
3305.34468969752
5711.37713730226
7375.94692701812
2869.2392374687
2788.50094229637
4842.94322305833
5857.6054398284
5029.97085228483
4281.61488049672
5962.50268517514
2688.23892400302
4998.49755267533
4159.01376675884
6500.72353705572
3265.85242415777
7933.77008129019
2801.125193716
4186.37798830523
2784.8894347927
4437.27489753582
4096.28790523849
3501.63793821734
4213.47916906984
5258.70413340727
4071.80700222201
5074.30312837912
2883.53160353166
7919.67300857087
5033.78509343068
2994.03774731655
4042.83239766029
5568.22707098685
4398.8833220647
4678.74447983248
4404.43504102722
4809.54807463658
4606.52153893411
6313.7660075285
2998.78416710936
3667.71385389288
4044.58367916918
7175.49890035783
4041.39771990021
5159.93121466432
4569.87734196865
5625.12434077894
3472.19163904347
5406.62040353554
5108.4213594468
4101.30156950883
5033.85141756685
2906.01008265464
3455.11608401933
3526.51428283996
4321.15782188113
5116.43560410222
4497.54978157667
4980.67325343995
2301.12328727061
8362.90146495019
5140.01186475867
5909.79342476799
4318.25207568617
5911.33663051619
5912.32816303545
5184.14879841336
7068.28379198979
4000.67493193269
4344.5988032648
6719.40199521463
6285.48284431548
4527.13148237787
6758.85041497551
5412.31107254599
6114.80724597663
4248.86031982869
3447.71260592462
5130.18733759542
6290.68343783089
5396.14101930017
5001.9779084222
2853.21882338784
5768.83823417722
3211.80046511073
6155.44513320875
4544.39730353832
5982.99372633408
4842.47259278345
6206.12525721067
3284.98674529257
6330.18981152766
3942.04453437276
4623.75857102593
5888.24727260391
3435.17250455542
2657.21748691923
3363.37767761704
5447.93569689296
3880.41238256412
2491.64324384809
4731.9317638233
8213.5700003432
5103.30959213742
7428.82520261737
5500.24303624842
2321.8516219506
4171.7827579188
4647.83416897241
5243.62602226583
4563.95930361637
3871.37892473249
5451.08483055606
4261.9713618902
3981.85124163713
4834.6835025005
6625.60829485877
4691.20844288995
3659.61229454156
4709.58751240371
6334.82155927063
2701.21600920593
3127.12834276093
3914.97744801398
3417.64477185724
4527.59755919299
3433.9882446712
5201.57528035644
4101.44083590264
4566.28748985298
5141.3480381983
4726.69298524076
5629.85897027799
5931.26319092147
5050.83222915953
3161.52518324135
6257.83120963848
4596.94781969552
2667.76446981763
3347.46763584915
6812.15398598333
4703.2237765454
5043.38453048342
3609.05263443262
2577.86064957808
4228.78027863412
6206.01527835441
5492.49457393471
3718.51949646764
4499.18704246803
7201.28720236352
3851.64732580944
5994.91838744828
3337.41058798998
2985.57121417664
5056.14886322591
3900.42772299558
3934.45814957471
7159.65915220722
4611.28503682931
6400.17069377325
4454.1059407727
6107.26680011083
2480.82221067365
4574.05071311208
5510.34793494529
3286.08996896718
3586.12055119378
3819.52747216894
3282.79653600147
2649.58147018544
6914.81166611967
4380.76184626582
3072.49125680666
2790.36025710755
3724.29829028221
5140.66387046031
3950.29307782624
4307.26195377339
5782.12731110741
4345.19592504956
5232.40394083879
3525.73621756355
4241.53889098471
3566.51832661911
4613.20827913783
7467.66686675647
6101.6472494289
4081.51651433039
3617.36778364684
3127.03383563113
2869.31425365464
5001.43630736724
3801.78390841204
5192.69388046568
2090.56118400248
6243.75307104899
2537.68525585447
4070.78191047738
5916.23597890395
6504.26334359451
6627.50961029122
5381.2070292949
4048.8978011231
5568.37566891529
2795.22223917067
2553.84619804458
4794.70064521219
6262.37143948185
4572.99192595551
3929.53595610013
4234.87744414855
6124.04892815723
4878.67063061394
3952.43018048332
6526.14405711248
4363.6232504093
4493.7424437971
4130.72967082534
2267.4754530806
4690.65552172822
8005.79305869706
5519.4064620568
6539.27921433387
5110.72796566107
5383.26759277453
4931.00955889318
2533.83845233882
3752.66732595358
7647.22814599931
4595.55393977466
2438.8490643001
5318.69790403021
4578.46427174243
3833.41108106335
4618.50504183572
2804.97042568662
4265.76679568794
5660.2656968007
5125.42690491659
7939.03492400342
4225.41143465383
4712.57132342077
6363.99836488666
6162.61434837439
6491.00097329931
5749.80645830859
2689.94692332935
5302.70920708537
4168.15926252888
6334.69782558475
5719.42011189435
6702.19022705316
6653.25193995973
2571.6443740347
4832.11314911867
2477.19573055979
3744.17336966737
5565.56643341773
3220.06786901791
5480.47882354171
4199.21720681828
3250.77184548142
8425.23655806967
5011.13124423466
3993.95228186634
4871.07447453874
5089.71888718308
2922.94127934696
4344.91939173171
4497.99112761877
4992.97578793505
4682.32077464687
2701.20808833049
4876.77365292452
3540.29364581204
4103.12799825939
7115.45065916274
3961.2650438744
7360.6011077646
7259.71605168447
3869.50774461792
3913.79088710074
6232.14464686092
5244.19405854625
3918.04034700221
2706.75051124959
7061.69949382522
3797.64083548374
4431.26338566126
3343.67089601971
3780.50637898391
5076.24441197773
4116.60070970109
3496.43234419738
4059.01692831128
2899.3244344466
3961.35817861964
5057.00664845844
6171.68371710398
3251.90889670633
3608.67116398034
3368.52251027818
5211.51884182878
3137.57018445433
5425.89007669536
3430.62237906536
4039.94583174022
8965.46718165726
4292.05022455438
2064.75506786635
4652.1055179133
3646.94829233132
5778.27565981552
2611.68795852315
2310.63745622718
5805.36292728794
2976.13380030163
5691.26509585374
2565.34235446949
5612.08040895269
7102.34090625197
5269.68793798285
5417.57164224539
5124.72182143176
3347.18404191971
5771.25441634467
4056.03514640561
5455.49822495391
4328.63885710137
5513.11028058423
4499.11955266248
4055.41421912039
6431.96704762176
4952.79698162954
5058.73682771959
2802.6053467846
2885.59318658927
3738.20333670028
4790.90459110006
2859.63002511016
4168.46845265052
5345.57126135737
3505.12908462182
4975.59507066988
5909.5544563947
4191.38415640009
4450.28770884504
7020.6890146222
5142.94412504371
2978.92280378565
4176.88072937438
5054.50318604879
3107.66128386555
3165.43150856086
5063.16422579932
2765.5084265026
6048.23576790665
5815.68775901701
2287.23788459275
4759.22430987802
5171.76896133372
4199.78474040417
3570.74268279192
3688.93719723129
6490.93756181728
5015.25342174989
4407.64206764028
5079.1563514149
5789.60507355352
3925.81814854996
4237.47266801746
2703.03177057507
6259.38055538917
4817.80224333226
4674.50548904524
4650.29953827511
4795.90075211344
2523.98699091544
3691.56080556142
4565.32474986955
8387.26116479403
4955.73012038542
4842.73826289395
4343.38545129612
4040.52258640643
3478.41061656176
5219.44728666759
3708.90140579445
2686.91875662072
2517.7254540177
2286.55943878258
2849.90852923381
4018.64493319567
3427.64475225705
4888.70306644599
3333.60645038989
4985.44785077757
6131.76010290738
3113.76182468314
3301.37362566734
2263.97681278924
4144.6225446305
2766.71461231213
4622.45757501143
5189.80137263551
3074.91264703232
6020.16071844081
2254.1634628278
4945.76672216948
4708.20204401504
5754.40339622364
2578.54701960462
3715.4893187818
4890.45141533107
4933.40292523018
5378.63100463082
4940.88365241972
7874.08444306865
5448.35438031424
7242.68734284074
6443.15207397598
5115.10002463376
5289.83597889858
3292.4304115894
3018.89839477634
3789.55638303522
5510.54992515068
2791.71975662393
2368.62265652282
5294.22908312986
7829.31154012331
5463.17461974667
4108.8885853924
4634.46763046704
6564.06303324497
6472.43883325631
2199.58292574823
5663.31603453014
5510.33950104282
2363.96117772591
7049.8699794615
3386.77907015675
4717.19216634214
3048.21591440745
3780.62574831779
5674.1593148152
7358.34325564267
3659.75083529046
3574.63428628019
5260.53968807903
2627.42317477821
3603.15774304883
5640.15930193408
3284.70793953658
4937.30428382705
5383.85335995608
5387.2776681352
7375.1131984859
4249.71430948962
8311.28780662456
5288.74691563762
4913.25790107838
3752.76118053116
4005.86745004257
5108.14539074617
6707.34414541435
3657.07500897288
3174.45247336152
4192.43365023701
2439.48655133136
4631.38724757339
4048.56431782262
2345.2545873661
6448.55854599179
4409.77841117587
3121.64183013681
3471.29835633075
6041.43332443546
6999.61651243166
4169.52457875674
5487.37247925538
3494.43935506512
3113.63670554363
3439.36093453759
5796.94891609857
2685.89718535084
2380.75473287312
4173.83506874896
6588.42727043624
4090.31651451953
4502.95401647372
3412.18235946512
3056.25805910572
3315.5443421602
2578.85771514246
3567.46202764992
4894.98194686031
4629.34506195963
2197.60948739267
6048.93576102292
4979.68252953157
3699.73014216916
6439.72215911162
5142.0938746789
4621.58927916538
4697.10310697754
5849.51606585824
3206.68748058596
2275.07374145213
3521.44342258484
4388.26217722749
4070.84396989171
4652.7653138871
5813.96639642136
5285.80888539051
3936.77005014725
4030.34798599086
3915.17979446618
3924.53154616392
7069.8703393556
2932.7100914062
5863.90381769834
3133.67162310272
6181.76271424326
2061.75336528876
4588.96840530281
2436.86663245106
3522.7536219677
4358.35356160511
3537.26145207049
5402.49614559807
4405.42928454627
4283.21642883215
5008.55538937352
4818.37473926941
4097.30927009655
4006.59168373954
3815.04706624413
3892.32805126582
7292.94070656645
3895.27376905526
4901.44138901711
3522.84777326274
2168.96718797389
5600.96136602109
6254.41021054453
4560.02354263505
5289.72149922318
5141.88333473996
3258.53348628681
5608.58763526537
5131.65294670567
9985.79464185268
2049.1497132526
6030.37154553411
3832.03419210671
3844.39325004089
5020.97448929355
7440.53934455073
4933.05713414872
4099.04206559402
6761.51810010446
5577.18482125658
4041.02254266941
3667.93284541626
3839.56299629416
2551.38115112175
5730.35331935048
4916.94345197951
6048.99577155869
4156.69979018569
5157.95851737212
3138.91527444234
4804.55112362713
4873.50057749292
3615.35650396188
5616.13871102089
3610.80361298534
4486.16130801558
4255.04047958014
3434.33058146748
2017.33257061284
4503.74586087562
3673.83175019205
7086.73231773794
5080.5933402851
2698.59509176818
4712.99390731481
5024.40781865287
2689.67797810291
5300.73759520873
2740.24448495003
2774.77214823393
2877.87417249848
5079.06770645917
3145.8099751837
6405.84912945363
3146.41734463132
4247.68291187858
3040.49957515773
3653.02259039802
4789.33405006623
6827.18024779864
4501.03817597587
3464.69126921757
5097.60327074993
6608.14736344378
4563.74143539361
4671.58069224565
5592.39382300077
3944.25709491625
3150.86232363979
6722.09345355523
4365.38305457097
5884.26971888038
6122.93533409162
4921.5520486908
5452.27498115789
6794.8073097616
4091.24519709953
6037.15518429404
5229.0134305973
6531.75853873644
3572.75111595208
3655.41622322752
2951.00662704041
2868.30907711119
3336.62864423633
3532.47972856923
5084.48163204639
5176.48369314632
5280.61431375309
6286.42422228313
6462.25252788033
4239.54525839439
6245.42230421353
3764.97807831034
4400.8214271149
3104.09193839005
3952.63686213608
4521.63044304456
6339.3316887567
6150.07787844752
5756.23389163437
3864.42638142775
5638.73799493336
6640.19017501645
4133.25459988441
2174.47900067506
3446.09232523218
5112.2698834955
3037.40748613064
6443.71778795348
4972.29449808526
3958.2787336371
4204.0600124343
4662.23569836928
4286.45751862782
4996.91233498901
4709.42689771458
4840.69976709948
4755.44804656836
3599.28011204547
4573.43446986381
3500.00800589465
4724.48155361534
2818.68947618637
4712.64111574514
8535.46552246055
3810.27052235138
3468.2702258218
3795.51547910173
2267.18632023478
5074.00617177472
5599.91993475182
5767.6260791332
2853.39524839414
2773.1677944148
5521.3504179184
3589.66296954424
6288.91479272547
5509.88144224751
4000.81232303988
4721.55779521063
3281.71900713109
5189.12308419222
4587.63471818004
4307.68140619416
2392.56506336409
3554.20915033187
3929.94344647089
5879.1267456433
5303.42381581317
6143.05614410985
7476.17632021624
6654.48983589372
4697.29876356096
3625.1588848884
3827.85440431031
6046.59671481145
2667.56123566287
3128.17476729575
4694.68778658595
6916.65961836532
3034.76842343717
4870.31825067681
4460.23827068947
6380.93428427825
3840.85663198842
3944.64594034474
6122.15681036842
4602.82750670207
4880.40164299553
4659.09211898072
4889.96154727886
6968.13504266138
4836.51373318646
5325.89271767424
3007.38679327045
2694.12926068402
3390.72911872791
5899.01391956102
3068.27615780502
3623.75622367939
3575.92513507563
3111.89880390805
5274.68789847665
6241.3464693206
4947.86623102951
2831.21719853771
3789.76090007475
6246.43723378192
4307.52011740785
4005.52035332508
5100.18519260569
3542.33382577251
4618.71603774561
4224.29161776641
3900.9868213855
3453.64228428697
6465.66684744782
6934.41088314747
6781.41294816402
3370.30642833206
3393.29300666855
4228.33608618535
2608.63423590555
8803.77277372211
4782.31060341621
4157.39136439677
4495.65782638401
4847.83665755723
3489.08504371699
3773.73972352427
3898.15116424481
3416.1525015893
3698.30477538015
3080.00583777312
6204.24889921922
5797.06987459208
4818.94023232831
2412.76886558699
5319.36605758677
3176.59012173009
5467.21464738108
4829.41919025897
5663.2649712334
5820.50557064988
6585.25389433297
5279.95513098948
5285.73417960214
6005.13355080992
5370.64783634553
5955.47901824494
2317.13753815968
3561.19391664458
5120.97983052008
4386.70952520272
3947.68231669304
4474.68732117276
4296.49812813935
2101.44755963142
3757.34687267281
3942.82080445971
5739.57261990962
6289.96764981805
4439.4064179041
5406.97319968414
5146.16506635601
6067.84383578308
2438.20618571303
6885.87950642527
6938.67307194655
4020.37985232813
3476.43727052941
4343.81632595259
3514.99655105651
4587.43409704088
3113.85908126445
3827.88080248693
4553.56439491782
3856.66597485308
3671.19662515636
4293.13857323464
4943.96992044601
3695.01681102802
4177.55446675845
4972.90644867614
4419.03937289411
2882.88458728519
3897.46717778617
4200.70678212733
3231.67532725147
2207.34576175595
8811.6673389652
4471.36598319062
7136.38796091919
3405.72777274971
7027.11829757136
5597.65387430333
2884.4989656442
5606.39982891974
4860.08104022041
4510.09005326681
5170.64252384967
6963.09575369241
6746.53759284281
2696.82217535674
3780.56624063531
2315.22232535373
6492.36623741602
3243.09806967277
6522.67545702974
4098.16484716294
6141.43948986962
3740.425799973
4682.08699494619
5268.92731881688
3606.06503307284
2449.27911358258
4116.24511304444
3052.07733735887
6644.64553310202
3967.55497621515
3681.0430614343
3560.55935664141
3228.46268166041
4117.10050019072
2638.16733490031
4496.98301065959
2194.76293244012
3023.10743443856
8640.3673986272
6675.45195327624
3617.13932556872
6022.8826768555
2925.80192234144
4050.2290383913
6557.06487745735
3750.46150414214
5633.28514044119
4424.53128611057
4838.5877913816
7735.82657856706
3498.84880446581
3608.98147539426
4554.37508434532
3863.25403374518
4186.75984279183
4543.71164012339
2325.39103305959
4697.0757868587
4173.21905115883
3087.90522952152
7824.20247587763
6319.4853826473
3583.97738032275
2866.82932499843
5009.9993061274
4988.339950919
4795.3555677289
8900.97054373927
4346.26881613936
2826.03639557805
2855.41821177978
8625.08631694588
2932.65644355453
7467.00779367491
5365.24423661069
3195.1919778113
4298.08615161636
6322.10597635587
2647.87594369576
4466.13863795864
3623.62366268492
4482.05431020594
5296.7771314079
5990.71684361614
3640.68107966899
9729.12242291329
3049.26967219003
5806.89306731671
3214.44381699175
6757.64189385284
3443.75890714448
4807.90164665953
7585.29314194371
7164.52068573238
4489.52628140851
6857.6521937495
6173.17021734437
4397.35419329374
5378.07730338264
3721.58890017776
4286.54381966574
6856.85807174152
5609.27150150052
4726.84700163181
6186.55067568352
6010.73200898272
3694.93333422884
4945.11694057372
5871.78491157941
3676.39492660638
6260.35730757627
3447.98990040411
4810.00725850988
5891.4527051963
3464.23887974854
3365.96197645063
5630.80227090455
7062.91732541035
4440.47002345013
4122.37908548671
2247.60511440784
3708.65504845524
3347.87408676112
5548.03297121646
3599.47568516888
3386.26110434746
4054.33413794735
4735.95586481749
3521.50134284105
4747.03491908285
4554.15814600283
4482.82473828525
5231.08367910832
2998.0850269202
4439.7104529896
3790.77008345291
4166.89806837401
5099.64198347855
3027.75990456527
5258.27025331839
3139.24562773069
3770.88703215968
5492.64061947214
4040.27347837915
3945.11940445417
5583.33611782709
5593.96789860574
3607.86395133535
5333.26758204502
2958.81604786307
4616.18741067073
6821.69420213922
4557.45705799841
5064.62678655155
5704.31657860553
5143.22794806398
3708.9651757753
3845.87522279079
2854.5555560755
5238.31523395455
4224.73284766754
6089.84035988385
4843.6833966432
3198.36356102239
5021.36978344692
3807.40380334797
4604.58678073653
2188.59180846482
6609.07867177593
4393.60737983066
4218.05661328837
4720.01017310663
3724.29615939508
3401.47092547518
4618.62615667069
3644.41755993687
4642.39632519579
4455.15512241943
2651.72139700347
3449.92682626838
5280.08204388828
4030.05635286442
2432.72443600066
2131.93907139916
4668.0631109638
3110.88445015892
6280.69113693799
5097.53748852572
4304.06481614061
5654.59595247584
4564.9201066773
6081.9390255024
5065.79933666415
4074.09843173483
5721.72760172861
3259.05401217212
5914.42147640158
3797.71895323529
7525.30328351203
5731.58874285546
3356.00614001457
6997.4882867174
4020.95611819396
4023.85668912174
6349.46696550978
2103.47973764886
3583.72671477696
3880.20177042568
5225.32010319916
5942.84225994897
3297.22673825618
5730.26647079517
6337.75405317693
